-2.6819e-01,-2.6319e-01,-2.5328e-01,-2.5002e-01,-2.6183e-01,-2.8516e-01,-3.0966e-01,-3.2658e-01,-3.3265e-01,-3.2935e-01,-3.2024e-01,-3.0869e-01,-2.9692e-01,-2.8593e-01,-2.7586e-01,-2.6644e-01,-2.5727e-01,-2.4802e-01,-2.3844e-01,-2.2841e-01,-2.1788e-01,-2.0684e-01,-1.9530e-01,-1.8328e-01,-1.7078e-01,-1.5780e-01,-1.4433e-01,-1.3037e-01,-1.1595e-01,-1.0106e-01,-8.5739e-02,-7.0032e-02,-5.3985e-02,-3.7656e-02,-2.1104e-02,-4.3957e-03,1.2407e-02,2.9240e-02,4.6046e-02,6.2768e-02,7.9356e-02,9.5766e-02,1.1196e-01,1.2789e-01,1.4355e-01,1.5890e-01,1.7393e-01,1.8862e-01,2.0297e-01,2.1696e-01,2.3061e-01,2.4390e-01,2.5684e-01,2.6945e-01,2.8172e-01,2.9368e-01,3.0532e-01,3.1668e-01,3.2775e-01,3.3855e-01,3.4909e-01,3.5940e-01,3.6948e-01,3.7935e-01,3.8901e-01,3.9848e-01,4.0778e-01,4.1690e-01,4.2586e-01,4.3467e-01,4.4333e-01,4.5185e-01,4.6023e-01,4.6848e-01,4.7659e-01,4.8458e-01,4.9243e-01,5.0016e-01,5.0775e-01,5.1521e-01,5.2253e-01,5.2972e-01,5.3677e-01,5.4367e-01,5.5043e-01,5.5705e-01,5.6351e-01,5.6982e-01,5.7597e-01,5.8197e-01,5.8780e-01,5.9348e-01,5.9899e-01,6.0434e-01,6.0953e-01,6.1456e-01,6.1942e-01,6.2411e-01,6.2865e-01,6.3303e-01
-2.8486e-01,-2.9213e-01,-2.9090e-01,-2.8154e-01,-2.7734e-01,-2.8765e-01,-3.0931e-01,-3.3230e-01,-3.4806e-01,-3.5336e-01,-3.4954e-01,-3.3999e-01,-3.2795e-01,-3.1559e-01,-3.0389e-01,-2.9304e-01,-2.8280e-01,-2.7280e-01,-2.6273e-01,-2.5235e-01,-2.4155e-01,-2.3027e-01,-2.1851e-01,-2.0628e-01,-1.9360e-01,-1.8048e-01,-1.6691e-01,-1.5290e-01,-1.3844e-01,-1.2355e-01,-1.0825e-01,-9.2559e-02,-7.6518e-02,-6.0175e-02,-4.3585e-02,-2.6806e-02,-9.8991e-03,7.0743e-03,2.4056e-02,4.0988e-02,5.7819e-02,7.4499e-02,9.0988e-02,1.0725e-01,1.2324e-01,1.3895e-01,1.5434e-01,1.6940e-01,1.8412e-01,1.9849e-01,2.1251e-01,2.2617e-01,2.3948e-01,2.5244e-01,2.6505e-01,2.7734e-01,2.8930e-01,3.0095e-01,3.1231e-01,3.2339e-01,3.3419e-01,3.4475e-01,3.5506e-01,3.6515e-01,3.7502e-01,3.8469e-01,3.9418e-01,4.0349e-01,4.1263e-01,4.2161e-01,4.3043e-01,4.3912e-01,4.4766e-01,4.5607e-01,4.6434e-01,4.7248e-01,4.8050e-01,4.8838e-01,4.9614e-01,5.0377e-01,5.1126e-01,5.1862e-01,5.2584e-01,5.3293e-01,5.3987e-01,5.4666e-01,5.5331e-01,5.5981e-01,5.6615e-01,5.7233e-01,5.7836e-01,5.8423e-01,5.8994e-01,5.9548e-01,6.0086e-01,6.0607e-01,6.1112e-01,6.1601e-01,6.2073e-01,6.2529e-01
-2.9373e-01,-3.0481e-01,-3.1916e-01,-3.2085e-01,-3.1118e-01,-3.0502e-01,-3.1274e-01,-3.3189e-01,-3.5298e-01,-3.6762e-01,-3.7239e-01,-3.6836e-01,-3.5865e-01,-3.4633e-01,-3.3351e-01,-3.2122e-01,-3.0968e-01,-2.9871e-01,-2.8797e-01,-2.7716e-01,-2.6604e-01,-2.5450e-01,-2.4249e-01,-2.3001e-01,-2.1708e-01,-2.0372e-01,-1.8995e-01,-1.7577e-01,-1.6119e-01,-1.4621e-01,-1.3085e-01,-1.1512e-01,-9.9044e-02,-8.2668e-02,-6.6034e-02,-4.9192e-02,-3.2198e-02,-1.5109e-02,2.0175e-03,1.9125e-02,3.6162e-02,5.3078e-02,6.9827e-02,8.6369e-02,1.0267e-01,1.1870e-01,1.3443e-01,1.4984e-01,1.6491e-01,1.7964e-01,1.9402e-01,2.0804e-01,2.2169e-01,2.3500e-01,2.4795e-01,2.6056e-01,2.7284e-01,2.8480e-01,2.9645e-01,3.0780e-01,3.1887e-01,3.2967e-01,3.4022e-01,3.5053e-01,3.6062e-01,3.7049e-01,3.8017e-01,3.8966e-01,3.9898e-01,4.0813e-01,4.1712e-01,4.2596e-01,4.3466e-01,4.4322e-01,4.5165e-01,4.5995e-01,4.6812e-01,4.7617e-01,4.8408e-01,4.9187e-01,4.9953e-01,5.0706e-01,5.1446e-01,5.2171e-01,5.2883e-01,5.3581e-01,5.4264e-01,5.4933e-01,5.5586e-01,5.6224e-01,5.6846e-01,5.7452e-01,5.8043e-01,5.8616e-01,5.9174e-01,5.9715e-01,6.0239e-01,6.0747e-01,6.1239e-01,6.1714e-01
-3.0684e-01,-3.0850e-01,-3.2884e-01,-3.4940e-01,-3.5313e-01,-3.4231e-01,-3.3324e-01,-3.3742e-01,-3.5339e-01,-3.7232e-01,-3.8587e-01,-3.9028e-01,-3.8621e-01,-3.7648e-01,-3.6398e-01,-3.5078e-01,-3.3795e-01,-3.2579e-01,-3.1415e-01,-3.0272e-01,-2.9120e-01,-2.7937e-01,-2.6710e-01,-2.5437e-01,-2.4116e-01,-2.2752e-01,-2.1347e-01,-1.9903e-01,-1.8423e-01,-1.6907e-01,-1.5356e-01,-1.3771e-01,-1.2155e-01,-1.0510e-01,-8.8402e-02,-7.1488e-02,-5.4410e-02,-3.7219e-02,-1.9969e-02,-2.7129e-03,1.4498e-02,3.1614e-02,4.8588e-02,6.5380e-02,8.1951e-02,9.8269e-02,1.1430e-01,1.3003e-01,1.4544e-01,1.6050e-01,1.7522e-01,1.8958e-01,2.0358e-01,2.1722e-01,2.3050e-01,2.4344e-01,2.5603e-01,2.6828e-01,2.8022e-01,2.9185e-01,3.0318e-01,3.1424e-01,3.2503e-01,3.3556e-01,3.4586e-01,3.5594e-01,3.6581e-01,3.7548e-01,3.8497e-01,3.9428e-01,4.0344e-01,4.1244e-01,4.2129e-01,4.3000e-01,4.3858e-01,4.4703e-01,4.5535e-01,4.6354e-01,4.7161e-01,4.7956e-01,4.8737e-01,4.9507e-01,5.0263e-01,5.1006e-01,5.1735e-01,5.2451e-01,5.3152e-01,5.3839e-01,5.4512e-01,5.5169e-01,5.5810e-01,5.6436e-01,5.7046e-01,5.7640e-01,5.8217e-01,5.8778e-01,5.9322e-01,5.9850e-01,6.0361e-01,6.0855e-01
-3.2912e-01,-3.1760e-01,-3.2811e-01,-3.5694e-01,-3.8277e-01,-3.8767e-01,-3.7488e-01,-3.6206e-01,-3.6194e-01,-3.7429e-01,-3.9094e-01,-4.0340e-01,-4.0747e-01,-4.0340e-01,-3.9366e-01,-3.8099e-01,-3.6743e-01,-3.5410e-01,-3.4134e-01,-3.2905e-01,-3.1695e-01,-3.0474e-01,-2.9221e-01,-2.7923e-01,-2.6577e-01,-2.5184e-01,-2.3748e-01,-2.2273e-01,-2.0763e-01,-1.9219e-01,-1.7645e-01,-1.6040e-01,-1.4408e-01,-1.2750e-01,-1.1069e-01,-9.3676e-02,-7.6500e-02,-5.9206e-02,-4.1842e-02,-2.4454e-02,-7.0929e-03,1.0195e-02,2.7364e-02,4.4372e-02,6.1180e-02,7.7754e-02,9.4064e-02,1.1008e-01,1.2579e-01,1.4117e-01,1.5620e-01,1.7088e-01,1.8520e-01,1.9917e-01,2.1277e-01,2.2602e-01,2.3891e-01,2.5147e-01,2.6369e-01,2.7560e-01,2.8720e-01,2.9850e-01,3.0953e-01,3.2029e-01,3.3080e-01,3.4108e-01,3.5114e-01,3.6099e-01,3.7065e-01,3.8013e-01,3.8944e-01,3.9859e-01,4.0759e-01,4.1644e-01,4.2516e-01,4.3375e-01,4.4221e-01,4.5055e-01,4.5876e-01,4.6685e-01,4.7482e-01,4.8267e-01,4.9039e-01,4.9798e-01,5.0544e-01,5.1277e-01,5.1997e-01,5.2702e-01,5.3392e-01,5.4068e-01,5.4729e-01,5.5374e-01,5.6004e-01,5.6617e-01,5.7215e-01,5.7796e-01,5.8360e-01,5.8908e-01,5.9439e-01,5.9953e-01
-3.5605e-01,-3.3873e-01,-3.3370e-01,-3.5250e-01,-3.8887e-01,-4.1894e-01,-4.2416e-01,-4.0865e-01,-3.9140e-01,-3.8648e-01,-3.9502e-01,-4.0937e-01,-4.2069e-01,-4.2434e-01,-4.2015e-01,-4.1030e-01,-3.9741e-01,-3.8346e-01,-3.6961e-01,-3.5625e-01,-3.4332e-01,-3.3056e-01,-3.1767e-01,-3.0444e-01,-2.9076e-01,-2.7659e-01,-2.6194e-01,-2.4687e-01,-2.3142e-01,-2.1565e-01,-1.9959e-01,-1.8327e-01,-1.6671e-01,-1.4993e-01,-1.3294e-01,-1.1578e-01,-9.8475e-02,-8.1060e-02,-6.3574e-02,-4.6060e-02,-2.8561e-02,-1.1120e-02,6.2187e-03,2.3415e-02,4.0430e-02,5.7230e-02,7.3783e-02,9.0060e-02,1.0604e-01,1.2170e-01,1.3703e-01,1.5201e-01,1.6664e-01,1.8091e-01,1.9481e-01,2.0836e-01,2.2156e-01,2.3441e-01,2.4691e-01,2.5909e-01,2.7095e-01,2.8251e-01,2.9377e-01,3.0476e-01,3.1549e-01,3.2597e-01,3.3622e-01,3.4625e-01,3.5608e-01,3.6572e-01,3.7518e-01,3.8448e-01,3.9362e-01,4.0261e-01,4.1146e-01,4.2018e-01,4.2877e-01,4.3724e-01,4.4558e-01,4.5381e-01,4.6192e-01,4.6991e-01,4.7778e-01,4.8552e-01,4.9314e-01,5.0063e-01,5.0799e-01,5.1522e-01,5.2230e-01,5.2925e-01,5.3604e-01,5.4268e-01,5.4917e-01,5.5551e-01,5.6168e-01,5.6769e-01,5.7353e-01,5.7921e-01,5.8473e-01,5.9007e-01
-3.8078e-01,-3.6729e-01,-3.5406e-01,-3.5507e-01,-3.8130e-01,-4.2410e-01,-4.5734e-01,-4.6201e-01,-4.4318e-01,-4.2107e-01,-4.1116e-01,-4.1595e-01,-4.2803e-01,-4.3812e-01,-4.4113e-01,-4.3660e-01,-4.2648e-01,-4.1324e-01,-3.9884e-01,-3.8444e-01,-3.7046e-01,-3.5688e-01,-3.4345e-01,-3.2989e-01,-3.1599e-01,-3.0161e-01,-2.8674e-01,-2.7139e-01,-2.5562e-01,-2.3950e-01,-2.2308e-01,-2.0641e-01,-1.8953e-01,-1.7246e-01,-1.5523e-01,-1.3787e-01,-1.2038e-01,-1.0281e-01,-8.5177e-02,-6.7524e-02,-4.9886e-02,-3.2300e-02,-1.4806e-02,2.5580e-03,1.9757e-02,3.6755e-02,5.3523e-02,7.0030e-02,8.6254e-02,1.0217e-01,1.1777e-01,1.3303e-01,1.4794e-01,1.6249e-01,1.7669e-01,1.9053e-01,2.0401e-01,2.1714e-01,2.2993e-01,2.4237e-01,2.5449e-01,2.6630e-01,2.7780e-01,2.8902e-01,2.9996e-01,3.1065e-01,3.2109e-01,3.3130e-01,3.4130e-01,3.5110e-01,3.6071e-01,3.7014e-01,3.7942e-01,3.8854e-01,3.9751e-01,4.0635e-01,4.1507e-01,4.2365e-01,4.3212e-01,4.4047e-01,4.4871e-01,4.5683e-01,4.6483e-01,4.7272e-01,4.8048e-01,4.8813e-01,4.9564e-01,5.0303e-01,5.1028e-01,5.1740e-01,5.2437e-01,5.3120e-01,5.3788e-01,5.4441e-01,5.5077e-01,5.5698e-01,5.6303e-01,5.6891e-01,5.7463e-01,5.8017e-01
-3.9958e-01,-3.9530e-01,-3.8450e-01,-3.7492e-01,-3.8126e-01,-4.1387e-01,-4.6184e-01,-4.9711e-01,-5.0045e-01,-4.7787e-01,-4.5076e-01,-4.3603e-01,-4.3735e-01,-4.4724e-01,-4.5591e-01,-4.5798e-01,-4.5280e-01,-4.4218e-01,-4.2845e-01,-4.1352e-01,-3.9851e-01,-3.8389e-01,-3.6965e-01,-3.5556e-01,-3.4134e-01,-3.2677e-01,-3.1173e-01,-2.9618e-01,-2.8015e-01,-2.6371e-01,-2.4693e-01,-2.2989e-01,-2.1264e-01,-1.9522e-01,-1.7767e-01,-1.6002e-01,-1.4229e-01,-1.2451e-01,-1.0669e-01,-8.8873e-02,-7.1079e-02,-5.3342e-02,-3.5696e-02,-1.8173e-02,-8.0740e-04,1.6370e-02,3.3329e-02,5.0042e-02,6.6484e-02,8.2633e-02,9.8471e-02,1.1398e-01,1.2915e-01,1.4398e-01,1.5845e-01,1.7256e-01,1.8632e-01,1.9972e-01,2.1277e-01,2.2548e-01,2.3785e-01,2.4991e-01,2.6165e-01,2.7309e-01,2.8425e-01,2.9514e-01,3.0577e-01,3.1617e-01,3.2633e-01,3.3629e-01,3.4605e-01,3.5563e-01,3.6503e-01,3.7428e-01,3.8337e-01,3.9233e-01,4.0115e-01,4.0985e-01,4.1843e-01,4.2689e-01,4.3524e-01,4.4347e-01,4.5160e-01,4.5961e-01,4.6751e-01,4.7529e-01,4.8295e-01,4.9049e-01,4.9790e-01,5.0518e-01,5.1232e-01,5.1932e-01,5.2618e-01,5.3289e-01,5.3945e-01,5.4585e-01,5.5209e-01,5.5817e-01,5.6409e-01,5.6984e-01
-4.1183e-01,-4.1790e-01,-4.1577e-01,-4.0725e-01,-4.0075e-01,-4.1155e-01,-4.4935e-01,-5.0113e-01,-5.3729e-01,-5.3862e-01,-5.1211e-01,-4.8018e-01,-4.6110e-01,-4.5939e-01,-4.6717e-01,-4.7417e-01,-4.7492e-01,-4.6877e-01,-4.5739e-01,-4.4301e-01,-4.2743e-01,-4.1177e-01,-3.9648e-01,-3.8158e-01,-3.6684e-01,-3.5197e-01,-3.3676e-01,-3.2108e-01,-3.0489e-01,-2.8822e-01,-2.7114e-01,-2.5374e-01,-2.3610e-01,-2.1829e-01,-2.0036e-01,-1.8236e-01,-1.6432e-01,-1.4626e-01,-1.2820e-01,-1.1016e-01,-9.2179e-02,-7.4269e-02,-5.6458e-02,-3.8775e-02,-2.1247e-02,-3.9030e-03,1.3231e-02,3.0129e-02,4.6767e-02,6.3124e-02,7.9181e-02,9.4921e-02,1.1033e-01,1.2540e-01,1.4012e-01,1.5449e-01,1.6851e-01,1.8217e-01,1.9548e-01,2.0844e-01,2.2107e-01,2.3336e-01,2.4534e-01,2.5700e-01,2.6838e-01,2.7947e-01,2.9030e-01,3.0088e-01,3.1122e-01,3.2133e-01,3.3124e-01,3.4096e-01,3.5049e-01,3.5986e-01,3.6907e-01,3.7814e-01,3.8707e-01,3.9587e-01,4.0455e-01,4.1311e-01,4.2156e-01,4.2990e-01,4.3813e-01,4.4625e-01,4.5427e-01,4.6217e-01,4.6996e-01,4.7763e-01,4.8518e-01,4.9261e-01,4.9991e-01,5.0708e-01,5.1411e-01,5.2099e-01,5.2773e-01,5.3432e-01,5.4075e-01,5.4702e-01,5.5314e-01,5.5909e-01
-4.1825e-01,-4.3369e-01,-4.4177e-01,-4.4142e-01,-4.3472e-01,-4.3069e-01,-4.4505e-01,-4.8674e-01,-5.4093e-01,-5.7690e-01,-5.7572e-01,-5.4531e-01,-5.0906e-01,-4.8637e-01,-4.8215e-01,-4.8785e-01,-4.9287e-01,-4.9193e-01,-4.8445e-01,-4.7207e-01,-4.5687e-01,-4.4055e-01,-4.2417e-01,-4.0820e-01,-3.9263e-01,-3.7724e-01,-3.6176e-01,-3.4595e-01,-3.2967e-01,-3.1287e-01,-2.9560e-01,-2.7792e-01,-2.5993e-01,-2.4173e-01,-2.2340e-01,-2.0499e-01,-1.8656e-01,-1.6815e-01,-1.4978e-01,-1.3148e-01,-1.1325e-01,-9.5129e-02,-7.7127e-02,-5.9266e-02,-4.1569e-02,-2.4058e-02,-6.7570e-03,1.0314e-02,2.7132e-02,4.3677e-02,5.9932e-02,7.5880e-02,9.1507e-02,1.0680e-01,1.2176e-01,1.3636e-01,1.5062e-01,1.6452e-01,1.7808e-01,1.9129e-01,2.0415e-01,2.1668e-01,2.2889e-01,2.4078e-01,2.5237e-01,2.6367e-01,2.7469e-01,2.8545e-01,2.9597e-01,3.0625e-01,3.1631e-01,3.2616e-01,3.3583e-01,3.4532e-01,3.5465e-01,3.6382e-01,3.7285e-01,3.8175e-01,3.9052e-01,3.9917e-01,4.0771e-01,4.1614e-01,4.2447e-01,4.3269e-01,4.4080e-01,4.4881e-01,4.5671e-01,4.6451e-01,4.7219e-01,4.7975e-01,4.8719e-01,4.9450e-01,5.0169e-01,5.0874e-01,5.1564e-01,5.2241e-01,5.2902e-01,5.3548e-01,5.4178e-01,5.4792e-01
-4.1971e-01,-4.4295e-01,-4.6038e-01,-4.7010e-01,-4.7113e-01,-4.6586e-01,-4.6375e-01,-4.8076e-01,-5.2502e-01,-5.8027e-01,-6.1510e-01,-6.1109e-01,-5.7707e-01,-5.3721e-01,-5.1180e-01,-5.0558e-01,-5.0916e-01,-5.1190e-01,-5.0889e-01,-4.9978e-01,-4.8617e-01,-4.6999e-01,-4.5284e-01,-4.3570e-01,-4.1902e-01,-4.0279e-01,-3.8678e-01,-3.7071e-01,-3.5434e-01,-3.3750e-01,-3.2014e-01,-3.0231e-01,-2.8407e-01,-2.6554e-01,-2.4681e-01,-2.2798e-01,-2.0913e-01,-1.9031e-01,-1.7156e-01,-1.5291e-01,-1.3439e-01,-1.1600e-01,-9.7758e-02,-7.9687e-02,-6.1799e-02,-4.4110e-02,-2.6636e-02,-9.3968e-03,7.5922e-03,2.4313e-02,4.0749e-02,5.6885e-02,7.2709e-02,8.8210e-02,1.0338e-01,1.1820e-01,1.3268e-01,1.4682e-01,1.6060e-01,1.7404e-01,1.8714e-01,1.9990e-01,2.1233e-01,2.2444e-01,2.3624e-01,2.4775e-01,2.5896e-01,2.6991e-01,2.8060e-01,2.9104e-01,3.0126e-01,3.1126e-01,3.2106e-01,3.3068e-01,3.4011e-01,3.4939e-01,3.5852e-01,3.6751e-01,3.7637e-01,3.8511e-01,3.9373e-01,4.0224e-01,4.1065e-01,4.1896e-01,4.2716e-01,4.3526e-01,4.4326e-01,4.5116e-01,4.5895e-01,4.6663e-01,4.7419e-01,4.8164e-01,4.8896e-01,4.9616e-01,5.0322e-01,5.1015e-01,5.1693e-01,5.2357e-01,5.3005e-01,5.3638e-01
-4.1700e-01,-4.4641e-01,-4.7157e-01,-4.9056e-01,-5.0151e-01,-5.0362e-01,-4.9952e-01,-4.9891e-01,-5.1772e-01,-5.6330e-01,-6.1837e-01,-6.5127e-01,-6.4430e-01,-6.0712e-01,-5.6452e-01,-5.3730e-01,-5.2950e-01,-5.3089e-01,-5.3105e-01,-5.2567e-01,-5.1468e-01,-4.9963e-01,-4.8235e-01,-4.6428e-01,-4.4635e-01,-4.2895e-01,-4.1206e-01,-3.9546e-01,-3.7884e-01,-3.6194e-01,-3.4458e-01,-3.2672e-01,-3.0837e-01,-2.8962e-01,-2.7058e-01,-2.5137e-01,-2.3209e-01,-2.1283e-01,-1.9364e-01,-1.7458e-01,-1.5568e-01,-1.3696e-01,-1.1843e-01,-1.0010e-01,-8.1982e-02,-6.4088e-02,-4.6426e-02,-2.9009e-02,-1.1850e-02,5.0401e-03,2.1647e-02,3.7959e-02,5.3964e-02,6.9652e-02,8.5013e-02,1.0004e-01,1.1473e-01,1.2907e-01,1.4307e-01,1.5673e-01,1.7005e-01,1.8303e-01,1.9567e-01,2.0800e-01,2.2001e-01,2.3171e-01,2.4313e-01,2.5426e-01,2.6513e-01,2.7574e-01,2.8611e-01,2.9626e-01,3.0620e-01,3.1594e-01,3.2549e-01,3.3488e-01,3.4411e-01,3.5319e-01,3.6214e-01,3.7095e-01,3.7965e-01,3.8824e-01,3.9672e-01,4.0510e-01,4.1338e-01,4.2156e-01,4.2964e-01,4.3763e-01,4.4551e-01,4.5329e-01,4.6096e-01,4.6853e-01,4.7598e-01,4.8331e-01,4.9051e-01,4.9758e-01,5.0452e-01,5.1132e-01,5.1797e-01,5.2447e-01
-4.1091e-01,-4.4494e-01,-4.7611e-01,-5.0270e-01,-5.2278e-01,-5.3465e-01,-5.3770e-01,-5.3465e-01,-5.3521e-01,-5.5504e-01,-6.0083e-01,-6.5464e-01,-6.8503e-01,-6.7513e-01,-6.3536e-01,-5.9095e-01,-5.6273e-01,-5.5366e-01,-5.5274e-01,-5.5009e-01,-5.4211e-01,-5.2904e-01,-5.1242e-01,-4.9393e-01,-4.7489e-01,-4.5613e-01,-4.3800e-01,-4.2048e-01,-4.0330e-01,-3.8617e-01,-3.6878e-01,-3.5096e-01,-3.3263e-01,-3.1382e-01,-2.9460e-01,-2.7510e-01,-2.5545e-01,-2.3575e-01,-2.1611e-01,-1.9659e-01,-1.7725e-01,-1.5813e-01,-1.3923e-01,-1.2058e-01,-1.0218e-01,-8.4043e-02,-6.6163e-02,-4.8548e-02,-3.1204e-02,-1.4141e-02,2.6350e-03,1.9115e-02,3.5289e-02,5.1150e-02,6.6689e-02,8.1901e-02,9.6779e-02,1.1132e-01,1.2552e-01,1.3938e-01,1.5290e-01,1.6609e-01,1.7894e-01,1.9147e-01,2.0368e-01,2.1559e-01,2.2719e-01,2.3851e-01,2.4956e-01,2.6034e-01,2.7087e-01,2.8117e-01,2.9125e-01,3.0112e-01,3.1080e-01,3.2029e-01,3.2962e-01,3.3880e-01,3.4783e-01,3.5673e-01,3.6550e-01,3.7416e-01,3.8271e-01,3.9115e-01,3.9949e-01,4.0774e-01,4.1590e-01,4.2395e-01,4.3192e-01,4.3978e-01,4.4755e-01,4.5521e-01,4.6277e-01,4.7021e-01,4.7754e-01,4.8475e-01,4.9182e-01,4.9877e-01,5.0558e-01,5.1224e-01
-4.0215e-01,-4.3950e-01,-4.7507e-01,-5.0744e-01,-5.3491e-01,-5.5570e-01,-5.6833e-01,-5.7231e-01,-5.7032e-01,-5.7180e-01,-5.9201e-01,-6.3704e-01,-6.8876e-01,-7.1623e-01,-7.0357e-01,-6.6181e-01,-6.1643e-01,-5.8789e-01,-5.7771e-01,-5.7435e-01,-5.6874e-01,-5.5805e-01,-5.4279e-01,-5.2450e-01,-5.0473e-01,-4.8467e-01,-4.6506e-01,-4.4621e-01,-4.2806e-01,-4.1034e-01,-3.9272e-01,-3.7489e-01,-3.5665e-01,-3.3791e-01,-3.1868e-01,-2.9904e-01,-2.7913e-01,-2.5907e-01,-2.3899e-01,-2.1900e-01,-1.9918e-01,-1.7960e-01,-1.6027e-01,-1.4123e-01,-1.2249e-01,-1.0404e-01,-8.5898e-02,-6.8049e-02,-5.0498e-02,-3.3245e-02,-1.6293e-02,3.5458e-04,1.6694e-02,3.2719e-02,4.8424e-02,6.3806e-02,7.8858e-02,9.3578e-02,1.0796e-01,1.2201e-01,1.3573e-01,1.4911e-01,1.6216e-01,1.7488e-01,1.8729e-01,1.9938e-01,2.1118e-01,2.2268e-01,2.3390e-01,2.4485e-01,2.5555e-01,2.6600e-01,2.7622e-01,2.8623e-01,2.9603e-01,3.0564e-01,3.1507e-01,3.2434e-01,3.3346e-01,3.4244e-01,3.5129e-01,3.6001e-01,3.6863e-01,3.7713e-01,3.8554e-01,3.9384e-01,4.0206e-01,4.1018e-01,4.1821e-01,4.2614e-01,4.3399e-01,4.4173e-01,4.4938e-01,4.5692e-01,4.6436e-01,4.7168e-01,4.7888e-01,4.8596e-01,4.9290e-01,4.9972e-01
-3.9141e-01,-4.3099e-01,-4.6960e-01,-5.0612e-01,-5.3910e-01,-5.6700e-01,-5.8828e-01,-6.0165e-01,-6.0666e-01,-6.0576e-01,-6.0798e-01,-6.2802e-01,-6.7156e-01,-7.2054e-01,-7.4489e-01,-7.2970e-01,-6.8654e-01,-6.4092e-01,-6.1252e-01,-6.0128e-01,-5.9541e-01,-5.8678e-01,-5.7333e-01,-5.5584e-01,-5.3584e-01,-5.1474e-01,-4.9364e-01,-4.7317e-01,-4.5360e-01,-4.3485e-01,-4.1661e-01,-3.9854e-01,-3.8031e-01,-3.6169e-01,-3.4258e-01,-3.2298e-01,-3.0297e-01,-2.8269e-01,-2.6226e-01,-2.4184e-01,-2.2155e-01,-2.0146e-01,-1.8165e-01,-1.6215e-01,-1.4299e-01,-1.2417e-01,-1.0570e-01,-8.7570e-02,-6.9772e-02,-5.2301e-02,-3.5153e-02,-1.8327e-02,-1.8198e-03,1.4367e-02,3.0232e-02,4.5773e-02,6.0987e-02,7.5871e-02,9.0426e-02,1.0465e-01,1.1854e-01,1.3210e-01,1.4533e-01,1.5824e-01,1.7083e-01,1.8311e-01,1.9509e-01,2.0677e-01,2.1816e-01,2.2928e-01,2.4014e-01,2.5075e-01,2.6112e-01,2.7126e-01,2.8119e-01,2.9092e-01,3.0046e-01,3.0983e-01,3.1905e-01,3.2811e-01,3.3703e-01,3.4582e-01,3.5450e-01,3.6306e-01,3.7152e-01,3.7988e-01,3.8815e-01,3.9633e-01,4.0441e-01,4.1241e-01,4.2031e-01,4.2813e-01,4.3585e-01,4.4348e-01,4.5100e-01,4.5842e-01,4.6573e-01,4.7292e-01,4.7999e-01,4.8694e-01
-3.7924e-01,-4.2025e-01,-4.6082e-01,-5.0011e-01,-5.3696e-01,-5.7007e-01,-5.9810e-01,-6.1979e-01,-6.3397e-01,-6.4011e-01,-6.4035e-01,-6.4315e-01,-6.6261e-01,-7.0411e-01,-7.4996e-01,-7.7110e-01,-7.5366e-01,-7.0962e-01,-6.6432e-01,-6.3634e-01,-6.2403e-01,-6.1560e-01,-6.0397e-01,-5.8781e-01,-5.6813e-01,-5.4641e-01,-5.2398e-01,-5.0182e-01,-4.8050e-01,-4.6022e-01,-4.4088e-01,-4.2215e-01,-4.0367e-01,-3.8507e-01,-3.6612e-01,-3.4668e-01,-3.2676e-01,-3.0642e-01,-2.8581e-01,-2.6506e-01,-2.4434e-01,-2.2376e-01,-2.0344e-01,-1.8343e-01,-1.6379e-01,-1.4453e-01,-1.2566e-01,-1.0718e-01,-8.9082e-02,-7.1351e-02,-5.3975e-02,-3.6947e-02,-2.0258e-02,-3.9040e-03,1.2120e-02,2.7815e-02,4.3182e-02,5.8220e-02,7.2930e-02,8.7312e-02,1.0137e-01,1.1509e-01,1.2850e-01,1.4158e-01,1.5434e-01,1.6680e-01,1.7894e-01,1.9080e-01,2.0236e-01,2.1365e-01,2.2466e-01,2.3542e-01,2.4594e-01,2.5622e-01,2.6628e-01,2.7614e-01,2.8579e-01,2.9527e-01,3.0458e-01,3.1373e-01,3.2273e-01,3.3159e-01,3.4033e-01,3.4896e-01,3.5747e-01,3.6588e-01,3.7420e-01,3.8242e-01,3.9056e-01,3.9860e-01,4.0656e-01,4.1443e-01,4.2222e-01,4.2991e-01,4.3751e-01,4.4501e-01,4.5241e-01,4.5970e-01,4.6688e-01,4.7394e-01
-3.6606e-01,-4.0793e-01,-4.4967e-01,-4.9070e-01,-5.3008e-01,-5.6676e-01,-5.9965e-01,-6.2769e-01,-6.4980e-01,-6.6486e-01,-6.7222e-01,-6.7359e-01,-6.7683e-01,-6.9544e-01,-7.3454e-01,-7.7705e-01,-7.9502e-01,-7.7561e-01,-7.3111e-01,-6.8652e-01,-6.5908e-01,-6.4565e-01,-6.3467e-01,-6.2015e-01,-6.0139e-01,-5.7959e-01,-5.5620e-01,-5.3246e-01,-5.0925e-01,-4.8708e-01,-4.6611e-01,-4.4619e-01,-4.2700e-01,-4.0813e-01,-3.8920e-01,-3.6996e-01,-3.5024e-01,-3.3004e-01,-3.0941e-01,-2.8851e-01,-2.6748e-01,-2.4649e-01,-2.2567e-01,-2.0514e-01,-1.8497e-01,-1.6520e-01,-1.4587e-01,-1.2697e-01,-1.0850e-01,-9.0452e-02,-7.2803e-02,-5.5538e-02,-3.8642e-02,-2.2104e-02,-5.9124e-03,9.9386e-03,2.5455e-02,4.0639e-02,5.5495e-02,7.0024e-02,8.4227e-02,9.8107e-02,1.1167e-01,1.2491e-01,1.3783e-01,1.5045e-01,1.6276e-01,1.7478e-01,1.8650e-01,1.9795e-01,2.0912e-01,2.2003e-01,2.3070e-01,2.4112e-01,2.5131e-01,2.6129e-01,2.7107e-01,2.8065e-01,2.9006e-01,2.9930e-01,3.0839e-01,3.1733e-01,3.2614e-01,3.3482e-01,3.4339e-01,3.5186e-01,3.6022e-01,3.6848e-01,3.7666e-01,3.8475e-01,3.9275e-01,4.0067e-01,4.0851e-01,4.1626e-01,4.2392e-01,4.3149e-01,4.3896e-01,4.4633e-01,4.5360e-01,4.6076e-01
-3.5220e-01,-3.9453e-01,-4.3690e-01,-4.7891e-01,-5.1983e-01,-5.5881e-01,-5.9497e-01,-6.2749e-01,-6.5550e-01,-6.7806e-01,-6.9406e-01,-7.0264e-01,-7.0509e-01,-7.0865e-01,-7.2623e-01,-7.6278e-01,-8.0187e-01,-8.1680e-01,-7.9569e-01,-7.5104e-01,-7.0740e-01,-6.8051e-01,-6.6589e-01,-6.5243e-01,-6.3517e-01,-6.1399e-01,-5.9019e-01,-5.6521e-01,-5.4020e-01,-5.1596e-01,-4.9296e-01,-4.7130e-01,-4.5083e-01,-4.3119e-01,-4.1196e-01,-3.9274e-01,-3.7323e-01,-3.5328e-01,-3.3283e-01,-3.1197e-01,-2.9082e-01,-2.6955e-01,-2.4833e-01,-2.2730e-01,-2.0659e-01,-1.8627e-01,-1.6641e-01,-1.4702e-01,-1.2812e-01,-1.0968e-01,-9.1696e-02,-7.4144e-02,-5.7002e-02,-4.0251e-02,-2.3874e-02,-7.8569e-03,7.8123e-03,2.3142e-02,3.8137e-02,5.2804e-02,6.7145e-02,8.1165e-02,9.4866e-02,1.0825e-01,1.2133e-01,1.3409e-01,1.4656e-01,1.5873e-01,1.7061e-01,1.8220e-01,1.9353e-01,2.0459e-01,2.1539e-01,2.2596e-01,2.3628e-01,2.4639e-01,2.5629e-01,2.6599e-01,2.7550e-01,2.8483e-01,2.9401e-01,3.0303e-01,3.1191e-01,3.2066e-01,3.2929e-01,3.3780e-01,3.4621e-01,3.5453e-01,3.6274e-01,3.7087e-01,3.7891e-01,3.8687e-01,3.9475e-01,4.0254e-01,4.1025e-01,4.1788e-01,4.2541e-01,4.3285e-01,4.4020e-01,4.4744e-01
-3.3787e-01,-3.8041e-01,-4.2305e-01,-4.6554e-01,-5.0731e-01,-5.4765e-01,-5.8588e-01,-6.2135e-01,-6.5343e-01,-6.8142e-01,-7.0444e-01,-7.2137e-01,-7.3111e-01,-7.3455e-01,-7.3835e-01,-7.5482e-01,-7.8877e-01,-8.2450e-01,-8.3656e-01,-8.1398e-01,-7.6943e-01,-7.2684e-01,-7.0044e-01,-6.8457e-01,-6.6874e-01,-6.4895e-01,-6.2554e-01,-5.9991e-01,-5.7343e-01,-5.4720e-01,-5.2197e-01,-4.9815e-01,-4.7583e-01,-4.5482e-01,-4.3476e-01,-4.1520e-01,-3.9571e-01,-3.7598e-01,-3.5582e-01,-3.3518e-01,-3.1412e-01,-2.9276e-01,-2.7129e-01,-2.4987e-01,-2.2866e-01,-2.0780e-01,-1.8737e-01,-1.6743e-01,-1.4801e-01,-1.2912e-01,-1.1073e-01,-9.2826e-02,-7.5386e-02,-5.8381e-02,-4.1786e-02,-2.5581e-02,-9.7462e-03,5.7328e-03,2.0868e-02,3.5667e-02,5.0138e-02,6.4287e-02,7.8118e-02,9.1637e-02,1.0485e-01,1.1775e-01,1.3035e-01,1.4267e-01,1.5469e-01,1.6643e-01,1.7790e-01,1.8910e-01,2.0004e-01,2.1074e-01,2.2120e-01,2.3144e-01,2.4145e-01,2.5127e-01,2.6089e-01,2.7032e-01,2.7959e-01,2.8870e-01,2.9765e-01,3.0647e-01,3.1516e-01,3.2374e-01,3.3220e-01,3.4055e-01,3.4881e-01,3.5698e-01,3.6506e-01,3.7305e-01,3.8096e-01,3.8879e-01,3.9654e-01,4.0421e-01,4.1180e-01,4.1929e-01,4.2670e-01,4.3401e-01
-3.2322e-01,-3.6582e-01,-4.0851e-01,-4.5115e-01,-4.9330e-01,-5.3437e-01,-5.7381e-01,-6.1112e-01,-6.4582e-01,-6.7746e-01,-7.0542e-01,-7.2888e-01,-7.4664e-01,-7.5743e-01,-7.6174e-01,-7.6571e-01,-7.8109e-01,-8.1252e-01,-8.4503e-01,-8.5441e-01,-8.3056e-01,-7.8625e-01,-7.4474e-01,-7.1871e-01,-7.0158e-01,-6.8352e-01,-6.6144e-01,-6.3602e-01,-6.0872e-01,-5.8086e-01,-5.5349e-01,-5.2731e-01,-5.0271e-01,-4.7974e-01,-4.5822e-01,-4.3775e-01,-4.1788e-01,-3.9815e-01,-3.7823e-01,-3.5790e-01,-3.3709e-01,-3.1587e-01,-2.9434e-01,-2.7270e-01,-2.5112e-01,-2.2977e-01,-2.0879e-01,-1.8827e-01,-1.6828e-01,-1.4885e-01,-1.2998e-01,-1.1166e-01,-9.3854e-02,-7.6539e-02,-5.9683e-02,-4.3256e-02,-2.7232e-02,-1.1589e-02,3.6926e-03,1.8626e-02,3.3224e-02,4.7495e-02,6.1446e-02,7.5085e-02,8.8416e-02,1.0144e-01,1.1418e-01,1.2662e-01,1.3877e-01,1.5064e-01,1.6225e-01,1.7358e-01,1.8466e-01,1.9549e-01,2.0608e-01,2.1643e-01,2.2657e-01,2.3650e-01,2.4623e-01,2.5577e-01,2.6513e-01,2.7433e-01,2.8337e-01,2.9226e-01,3.0102e-01,3.0965e-01,3.1816e-01,3.2657e-01,3.3487e-01,3.4307e-01,3.5119e-01,3.5921e-01,3.6716e-01,3.7502e-01,3.8281e-01,3.9051e-01,3.9814e-01,4.0568e-01,4.1314e-01,4.2050e-01
-3.0837e-01,-3.5094e-01,-3.9354e-01,-4.3613e-01,-4.7836e-01,-5.1975e-01,-5.5982e-01,-5.9818e-01,-6.3449e-01,-6.6842e-01,-6.9960e-01,-7.2750e-01,-7.5131e-01,-7.6977e-01,-7.8145e-01,-7.8652e-01,-7.9064e-01,-8.0498e-01,-8.3404e-01,-8.6353e-01,-8.7044e-01,-8.4549e-01,-8.0149e-01,-7.6101e-01,-7.3523e-01,-7.1685e-01,-6.9673e-01,-6.7259e-01,-6.4541e-01,-6.1663e-01,-5.8752e-01,-5.5909e-01,-5.3202e-01,-5.0666e-01,-4.8307e-01,-4.6105e-01,-4.4019e-01,-4.2003e-01,-4.0008e-01,-3.7999e-01,-3.5952e-01,-3.3859e-01,-3.1724e-01,-2.9559e-01,-2.7381e-01,-2.5210e-01,-2.3064e-01,-2.0956e-01,-1.8899e-01,-1.6897e-01,-1.4955e-01,-1.3073e-01,-1.1248e-01,-9.4788e-02,-7.7612e-02,-6.0916e-02,-4.4667e-02,-2.8833e-02,-1.3389e-02,1.6869e-03,1.6413e-02,3.0803e-02,4.4868e-02,5.8618e-02,7.2060e-02,8.5201e-02,9.8046e-02,1.1060e-01,1.2288e-01,1.3487e-01,1.4659e-01,1.5805e-01,1.6925e-01,1.8021e-01,1.9092e-01,2.0140e-01,2.1165e-01,2.2169e-01,2.3153e-01,2.4118e-01,2.5064e-01,2.5992e-01,2.6905e-01,2.7802e-01,2.8685e-01,2.9554e-01,3.0411e-01,3.1257e-01,3.2092e-01,3.2916e-01,3.3731e-01,3.4538e-01,3.5335e-01,3.6125e-01,3.6906e-01,3.7680e-01,3.8445e-01,3.9203e-01,3.9953e-01,4.0694e-01
-2.9342e-01,-3.3588e-01,-3.7832e-01,-4.2074e-01,-4.6287e-01,-5.0431e-01,-5.4464e-01,-5.8353e-01,-6.2074e-01,-6.5604e-01,-6.8920e-01,-7.1991e-01,-7.4768e-01,-7.7171e-01,-7.9070e-01,-8.0310e-01,-8.0882e-01,-8.1307e-01,-8.2648e-01,-8.5335e-01,-8.8006e-01,-8.8471e-01,-8.5880e-01,-8.1515e-01,-7.7561e-01,-7.4996e-01,-7.3034e-01,-7.0836e-01,-6.8242e-01,-6.5370e-01,-6.2363e-01,-5.9341e-01,-5.6402e-01,-5.3611e-01,-5.1003e-01,-4.8585e-01,-4.6335e-01,-4.4212e-01,-4.2168e-01,-4.0153e-01,-3.8130e-01,-3.6073e-01,-3.3970e-01,-3.1825e-01,-2.9650e-01,-2.7463e-01,-2.5282e-01,-2.3128e-01,-2.1014e-01,-1.8952e-01,-1.6950e-01,-1.5011e-01,-1.3135e-01,-1.1320e-01,-9.5637e-02,-7.8611e-02,-6.2086e-02,-4.6024e-02,-3.0389e-02,-1.5152e-02,-2.8824e-04,1.4224e-02,2.8401e-02,4.2256e-02,5.5801e-02,6.9043e-02,8.1990e-02,9.4650e-02,1.0703e-01,1.1913e-01,1.3097e-01,1.4254e-01,1.5385e-01,1.6492e-01,1.7575e-01,1.8634e-01,1.9671e-01,2.0686e-01,2.1680e-01,2.2655e-01,2.3611e-01,2.4549e-01,2.5470e-01,2.6375e-01,2.7265e-01,2.8142e-01,2.9005e-01,2.9856e-01,3.0696e-01,3.1525e-01,3.2344e-01,3.3154e-01,3.3954e-01,3.4747e-01,3.5531e-01,3.6307e-01,3.7076e-01,3.7837e-01,3.8590e-01,3.9335e-01
-2.7842e-01,-3.2075e-01,-3.6297e-01,-4.0515e-01,-4.4707e-01,-4.8840e-01,-5.2876e-01,-5.6787e-01,-6.0551e-01,-6.4156e-01,-6.7585e-01,-7.0823e-01,-7.3841e-01,-7.6594e-01,-7.9004e-01,-8.0939e-01,-8.2235e-01,-8.2862e-01,-8.3300e-01,-8.4561e-01,-8.7052e-01,-8.9468e-01,-8.9728e-01,-8.7053e-01,-8.2723e-01,-7.8851e-01,-7.6289e-01,-7.4209e-01,-7.1844e-01,-6.9094e-01,-6.6092e-01,-6.2974e-01,-5.9855e-01,-5.6829e-01,-5.3961e-01,-5.1286e-01,-4.8811e-01,-4.6514e-01,-4.4356e-01,-4.2286e-01,-4.0253e-01,-3.8218e-01,-3.6152e-01,-3.4043e-01,-3.1892e-01,-2.9710e-01,-2.7516e-01,-2.5330e-01,-2.3170e-01,-2.1052e-01,-1.8990e-01,-1.6989e-01,-1.5055e-01,-1.3187e-01,-1.1383e-01,-9.6405e-02,-7.9541e-02,-6.3198e-02,-4.7332e-02,-3.1904e-02,-1.6882e-02,-2.2353e-03,1.2058e-02,2.6018e-02,3.9659e-02,5.2994e-02,6.6033e-02,7.8784e-02,9.1256e-02,1.0345e-01,1.1539e-01,1.2706e-01,1.3847e-01,1.4965e-01,1.6058e-01,1.7127e-01,1.8175e-01,1.9200e-01,2.0205e-01,2.1189e-01,2.2155e-01,2.3102e-01,2.4032e-01,2.4946e-01,2.5844e-01,2.6727e-01,2.7597e-01,2.8454e-01,2.9299e-01,3.0133e-01,3.0956e-01,3.1770e-01,3.2574e-01,3.3370e-01,3.4157e-01,3.4936e-01,3.5707e-01,3.6470e-01,3.7226e-01,3.7974e-01
-2.6346e-01,-3.0562e-01,-3.4759e-01,-3.8948e-01,-4.3114e-01,-4.7226e-01,-5.1251e-01,-5.5162e-01,-5.8942e-01,-6.2580e-01,-6.6069e-01,-6.9399e-01,-7.2555e-01,-7.5513e-01,-7.8230e-01,-8.0631e-01,-8.2584e-01,-8.3920e-01,-8.4593e-01,-8.5048e-01,-8.6243e-01,-8.8559e-01,-9.0745e-01,-9.0821e-01,-8.8070e-01,-8.3772e-01,-7.9972e-01,-7.7403e-01,-7.5211e-01,-7.2699e-01,-6.9817e-01,-6.6706e-01,-6.3497e-01,-6.0296e-01,-5.7193e-01,-5.4254e-01,-5.1517e-01,-4.8988e-01,-4.6647e-01,-4.4454e-01,-4.2359e-01,-4.0310e-01,-3.8265e-01,-3.6193e-01,-3.4079e-01,-3.1925e-01,-2.9741e-01,-2.7543e-01,-2.5353e-01,-2.3191e-01,-2.1072e-01,-1.9011e-01,-1.7014e-01,-1.5087e-01,-1.3229e-01,-1.1437e-01,-9.7097e-02,-8.0406e-02,-6.4254e-02,-4.8593e-02,-3.3380e-02,-1.8578e-02,-4.1551e-03,9.9145e-03,2.3652e-02,3.7076e-02,5.0198e-02,6.3031e-02,7.5583e-02,8.7864e-02,9.9880e-02,1.1164e-01,1.2315e-01,1.3441e-01,1.4543e-01,1.5622e-01,1.6679e-01,1.7714e-01,1.8729e-01,1.9723e-01,2.0697e-01,2.1654e-01,2.2592e-01,2.3514e-01,2.4420e-01,2.5311e-01,2.6187e-01,2.7051e-01,2.7902e-01,2.8741e-01,2.9569e-01,3.0386e-01,3.1194e-01,3.1993e-01,3.2783e-01,3.3565e-01,3.4338e-01,3.5104e-01,3.5863e-01,3.6613e-01
-2.4858e-01,-2.9054e-01,-3.3225e-01,-3.7384e-01,-4.1519e-01,-4.5604e-01,-4.9609e-01,-5.3509e-01,-5.7286e-01,-6.0933e-01,-6.4446e-01,-6.7820e-01,-7.1049e-01,-7.4119e-01,-7.7009e-01,-7.9678e-01,-8.2054e-01,-8.4010e-01,-8.5371e-01,-8.6083e-01,-8.6558e-01,-8.7700e-01,-8.9864e-01,-9.1845e-01,-9.1754e-01,-8.8935e-01,-8.4666e-01,-8.0925e-01,-7.8342e-01,-7.6047e-01,-7.3407e-01,-7.0415e-01,-6.7218e-01,-6.3935e-01,-6.0665e-01,-5.7496e-01,-5.4494e-01,-5.1698e-01,-4.9118e-01,-4.6735e-01,-4.4509e-01,-4.2391e-01,-4.0327e-01,-3.8273e-01,-3.6196e-01,-3.4082e-01,-3.1927e-01,-2.9742e-01,-2.7544e-01,-2.5354e-01,-2.3192e-01,-2.1075e-01,-1.9017e-01,-1.7026e-01,-1.5107e-01,-1.3260e-01,-1.1483e-01,-9.7716e-02,-8.1210e-02,-6.5258e-02,-4.9809e-02,-3.4818e-02,-2.0243e-02,-6.0485e-03,7.7929e-03,2.1305e-02,3.4507e-02,4.7414e-02,6.0037e-02,7.2389e-02,8.4477e-02,9.6309e-02,1.0789e-01,1.1923e-01,1.3034e-01,1.4121e-01,1.5187e-01,1.6231e-01,1.7254e-01,1.8256e-01,1.9240e-01,2.0205e-01,2.1152e-01,2.2081e-01,2.2995e-01,2.3893e-01,2.4777e-01,2.5647e-01,2.6503e-01,2.7348e-01,2.8181e-01,2.9003e-01,2.9815e-01,3.0617e-01,3.1410e-01,3.2195e-01,3.2971e-01,3.3740e-01,3.4500e-01,3.5253e-01
-2.3383e-01,-2.7557e-01,-3.1701e-01,-3.5827e-01,-3.9929e-01,-4.3985e-01,-4.7965e-01,-5.1845e-01,-5.5609e-01,-5.9250e-01,-6.2765e-01,-6.6154e-01,-6.9415e-01,-7.2540e-01,-7.5519e-01,-7.8331e-01,-8.0941e-01,-8.3279e-01,-8.5221e-01,-8.6597e-01,-8.7342e-01,-8.7838e-01,-8.8942e-01,-9.0975e-01,-9.2772e-01,-9.2532e-01,-8.9652e-01,-8.5408e-01,-8.1715e-01,-7.9113e-01,-7.6723e-01,-7.3973e-01,-7.0893e-01,-6.7628e-01,-6.4289e-01,-6.0964e-01,-5.7739e-01,-5.4682e-01,-5.1833e-01,-4.9204e-01,-4.6781e-01,-4.4524e-01,-4.2383e-01,-4.0305e-01,-3.8244e-01,-3.6165e-01,-3.4051e-01,-3.1898e-01,-2.9716e-01,-2.7521e-01,-2.5333e-01,-2.3173e-01,-2.1061e-01,-1.9008e-01,-1.7025e-01,-1.5117e-01,-1.3282e-01,-1.1521e-01,-9.8266e-02,-8.1953e-02,-6.6210e-02,-5.0982e-02,-3.6218e-02,-2.1875e-02,-7.9141e-03,5.6948e-03,1.8977e-02,3.1955e-02,4.4643e-02,5.7056e-02,6.9204e-02,8.1097e-02,9.2743e-02,1.0415e-01,1.1532e-01,1.2627e-01,1.3700e-01,1.4751e-01,1.5782e-01,1.6792e-01,1.7784e-01,1.8756e-01,1.9711e-01,2.0649e-01,2.1570e-01,2.2475e-01,2.3365e-01,2.4242e-01,2.5104e-01,2.5955e-01,2.6793e-01,2.7620e-01,2.8436e-01,2.9242e-01,3.0039e-01,3.0826e-01,3.1606e-01,3.2377e-01,3.3140e-01,3.3895e-01
-2.1928e-01,-2.6077e-01,-3.0191e-01,-3.4284e-01,-3.8352e-01,-4.2375e-01,-4.6327e-01,-5.0183e-01,-5.3927e-01,-5.7553e-01,-6.1058e-01,-6.4444e-01,-6.7711e-01,-7.0857e-01,-7.3877e-01,-7.6759e-01,-7.9485e-01,-8.2024e-01,-8.4311e-01,-8.6229e-01,-8.7609e-01,-8.8380e-01,-8.8901e-01,-8.9977e-01,-9.1899e-01,-9.3535e-01,-9.3161e-01,-9.0226e-01,-8.6001e-01,-8.2348e-01,-7.9722e-01,-7.7247e-01,-7.4405e-01,-7.1255e-01,-6.7942e-01,-6.4562e-01,-6.1196e-01,-5.7926e-01,-5.4819e-01,-5.1922e-01,-4.9249e-01,-4.6787e-01,-4.4500e-01,-4.2338e-01,-4.0247e-01,-3.8180e-01,-3.6100e-01,-3.3989e-01,-3.1840e-01,-2.9663e-01,-2.7473e-01,-2.5290e-01,-2.3136e-01,-2.1030e-01,-1.8985e-01,-1.7012e-01,-1.5116e-01,-1.3296e-01,-1.1550e-01,-9.8749e-02,-8.2639e-02,-6.7112e-02,-5.2111e-02,-3.7581e-02,-2.3474e-02,-9.7513e-03,3.6216e-03,1.6672e-02,2.9422e-02,4.1889e-02,5.4089e-02,6.6032e-02,7.7728e-02,8.9187e-02,1.0041e-01,1.1142e-01,1.2221e-01,1.3278e-01,1.4316e-01,1.5333e-01,1.6331e-01,1.7311e-01,1.8273e-01,1.9217e-01,2.0145e-01,2.1057e-01,2.1954e-01,2.2837e-01,2.3706e-01,2.4562e-01,2.5405e-01,2.6237e-01,2.7058e-01,2.7868e-01,2.8668e-01,2.9459e-01,3.0242e-01,3.1015e-01,3.1781e-01,3.2538e-01
-2.0496e-01,-2.4616e-01,-2.8700e-01,-3.2759e-01,-3.6791e-01,-4.0780e-01,-4.4702e-01,-4.8531e-01,-5.2252e-01,-5.5857e-01,-5.9345e-01,-6.2716e-01,-6.5975e-01,-6.9120e-01,-7.2151e-01,-7.5062e-01,-7.7842e-01,-8.0477e-01,-8.2936e-01,-8.5162e-01,-8.7044e-01,-8.8418e-01,-8.9212e-01,-8.9759e-01,-9.0818e-01,-9.2645e-01,-9.4141e-01,-9.3648e-01,-9.0662e-01,-8.6453e-01,-8.2829e-01,-8.0178e-01,-7.7627e-01,-7.4708e-01,-7.1506e-01,-6.8161e-01,-6.4756e-01,-6.1363e-01,-5.8057e-01,-5.4909e-01,-5.1969e-01,-4.9255e-01,-4.6757e-01,-4.4441e-01,-4.2259e-01,-4.0156e-01,-3.8083e-01,-3.6004e-01,-3.3897e-01,-3.1754e-01,-2.9584e-01,-2.7402e-01,-2.5227e-01,-2.3081e-01,-2.0983e-01,-1.8949e-01,-1.6987e-01,-1.5104e-01,-1.3300e-01,-1.1572e-01,-9.9166e-02,-8.3267e-02,-6.7964e-02,-5.3196e-02,-3.8904e-02,-2.5039e-02,-1.1558e-02,1.5753e-03,1.4390e-02,2.6911e-02,3.9155e-02,5.1139e-02,6.2875e-02,7.4374e-02,8.5643e-02,9.6692e-02,1.0753e-01,1.1815e-01,1.2858e-01,1.3881e-01,1.4885e-01,1.5870e-01,1.6838e-01,1.7789e-01,1.8723e-01,1.9642e-01,2.0545e-01,2.1433e-01,2.2308e-01,2.3169e-01,2.4018e-01,2.4855e-01,2.5680e-01,2.6495e-01,2.7299e-01,2.8094e-01,2.8879e-01,2.9656e-01,3.0424e-01,3.1184e-01
-1.9092e-01,-2.3180e-01,-2.7231e-01,-3.1255e-01,-3.5251e-01,-3.9206e-01,-4.3095e-01,-4.6896e-01,-5.0592e-01,-5.4173e-01,-5.7637e-01,-6.0988e-01,-6.4229e-01,-6.7362e-01,-7.0387e-01,-7.3302e-01,-7.6101e-01,-7.8776e-01,-8.1312e-01,-8.3685e-01,-8.5841e-01,-8.7678e-01,-8.9039e-01,-8.9851e-01,-9.0425e-01,-9.1475e-01,-9.3224e-01,-9.4597e-01,-9.3999e-01,-9.0967e-01,-8.6770e-01,-8.3167e-01,-8.0489e-01,-7.7870e-01,-7.4889e-01,-7.1651e-01,-6.8290e-01,-6.4875e-01,-6.1465e-01,-5.8134e-01,-5.4953e-01,-5.1975e-01,-4.9223e-01,-4.6692e-01,-4.4348e-01,-4.2146e-01,-4.0032e-01,-3.7955e-01,-3.5877e-01,-3.3776e-01,-3.1642e-01,-2.9481e-01,-2.7308e-01,-2.5143e-01,-2.3008e-01,-2.0921e-01,-1.8899e-01,-1.6951e-01,-1.5083e-01,-1.3296e-01,-1.1587e-01,-9.9518e-02,-8.3839e-02,-6.8766e-02,-5.4236e-02,-4.0188e-02,-2.6568e-02,-1.3332e-02,-4.4041e-04,1.2137e-02,2.4425e-02,3.6445e-02,4.8212e-02,5.9740e-02,7.1038e-02,8.2117e-02,9.2985e-02,1.0365e-01,1.1411e-01,1.2438e-01,1.3447e-01,1.4437e-01,1.5410e-01,1.6366e-01,1.7306e-01,1.8230e-01,1.9138e-01,2.0032e-01,2.0912e-01,2.1779e-01,2.2633e-01,2.3474e-01,2.4304e-01,2.5123e-01,2.5932e-01,2.6730e-01,2.7519e-01,2.8299e-01,2.9070e-01,2.9832e-01
-1.7719e-01,-2.1772e-01,-2.5788e-01,-2.9776e-01,-3.3736e-01,-3.7655e-01,-4.1511e-01,-4.5282e-01,-4.8950e-01,-5.2505e-01,-5.5945e-01,-5.9272e-01,-6.2489e-01,-6.5601e-01,-6.8610e-01,-7.1516e-01,-7.4314e-01,-7.7001e-01,-7.9567e-01,-8.2001e-01,-8.4281e-01,-8.6361e-01,-8.8146e-01,-8.9487e-01,-9.0312e-01,-9.0913e-01,-9.1961e-01,-9.3646e-01,-9.4912e-01,-9.4221e-01,-9.1148e-01,-8.6958e-01,-8.3369e-01,-8.0664e-01,-7.7987e-01,-7.4956e-01,-7.1695e-01,-6.8332e-01,-6.4920e-01,-6.1506e-01,-5.8159e-01,-5.4952e-01,-5.1942e-01,-4.9156e-01,-4.6593e-01,-4.4224e-01,-4.2003e-01,-3.9878e-01,-3.7797e-01,-3.5722e-01,-3.3628e-01,-3.1504e-01,-2.9354e-01,-2.7193e-01,-2.5041e-01,-2.2918e-01,-2.0845e-01,-1.8836e-01,-1.6904e-01,-1.5052e-01,-1.3283e-01,-1.1595e-01,-9.9807e-02,-8.4354e-02,-6.9518e-02,-5.5231e-02,-4.1430e-02,-2.8060e-02,-1.5071e-02,-2.4234e-03,9.9143e-03,2.1969e-02,3.3763e-02,4.5311e-02,5.6629e-02,6.7727e-02,7.8615e-02,8.9300e-02,9.9789e-02,1.1009e-01,1.2021e-01,1.3015e-01,1.3991e-01,1.4951e-01,1.5895e-01,1.6824e-01,1.7737e-01,1.8636e-01,1.9521e-01,2.0392e-01,2.1251e-01,2.2097e-01,2.2931e-01,2.3754e-01,2.4567e-01,2.5369e-01,2.6161e-01,2.6944e-01,2.7718e-01,2.8483e-01
-1.6382e-01,-2.0395e-01,-2.4375e-01,-2.8326e-01,-3.2248e-01,-3.6130e-01,-3.9952e-01,-4.3693e-01,-4.7333e-01,-5.0861e-01,-5.4274e-01,-5.7574e-01,-6.0765e-01,-6.3853e-01,-6.6839e-01,-6.9726e-01,-7.2512e-01,-7.5195e-01,-7.7768e-01,-8.0224e-01,-8.2552e-01,-8.4736e-01,-8.6734e-01,-8.8460e-01,-8.9776e-01,-9.0610e-01,-9.1237e-01,-9.2288e-01,-9.3921e-01,-9.5095e-01,-9.4323e-01,-9.1212e-01,-8.7026e-01,-8.3446e-01,-8.0713e-01,-7.7985e-01,-7.4916e-01,-7.1645e-01,-6.8291e-01,-6.4893e-01,-6.1487e-01,-5.8134e-01,-5.4908e-01,-5.1871e-01,-4.9056e-01,-4.6464e-01,-4.4070e-01,-4.1831e-01,-3.9695e-01,-3.7612e-01,-3.5540e-01,-3.3454e-01,-3.1341e-01,-2.9204e-01,-2.7058e-01,-2.4920e-01,-2.2812e-01,-2.0753e-01,-1.8761e-01,-1.6845e-01,-1.5012e-01,-1.3263e-01,-1.1595e-01,-1.0003e-01,-8.4813e-02,-7.0219e-02,-5.6180e-02,-4.2630e-02,-2.9510e-02,-1.6771e-02,-4.3701e-03,7.7267e-03,1.9547e-02,3.1113e-02,4.2442e-02,5.3549e-02,6.4445e-02,7.5140e-02,8.5641e-02,9.5956e-02,1.0609e-01,1.1605e-01,1.2585e-01,1.3548e-01,1.4495e-01,1.5426e-01,1.6343e-01,1.7246e-01,1.8135e-01,1.9010e-01,1.9873e-01,2.0723e-01,2.1561e-01,2.2388e-01,2.3204e-01,2.4010e-01,2.4806e-01,2.5592e-01,2.6369e-01,2.7137e-01
-1.5083e-01,-1.9053e-01,-2.2994e-01,-2.6906e-01,-3.0790e-01,-3.4635e-01,-3.8423e-01,-4.2131e-01,-4.5742e-01,-4.9243e-01,-5.2629e-01,-5.5901e-01,-5.9064e-01,-6.2124e-01,-6.5084e-01,-6.7947e-01,-7.0714e-01,-7.3384e-01,-7.5951e-01,-7.8411e-01,-8.0755e-01,-8.2976e-01,-8.5060e-01,-8.6973e-01,-8.8636e-01,-8.9920e-01,-9.0759e-01,-9.1412e-01,-9.2469e-01,-9.4059e-01,-9.5154e-01,-9.4311e-01,-9.1167e-01,-8.6981e-01,-8.3406e-01,-8.0646e-01,-7.7873e-01,-7.4775e-01,-7.1504e-01,-6.8171e-01,-6.4799e-01,-6.1410e-01,-5.8060e-01,-5.4823e-01,-5.1765e-01,-4.8923e-01,-4.6305e-01,-4.3888e-01,-4.1632e-01,-3.9486e-01,-3.7400e-01,-3.5333e-01,-3.3255e-01,-3.1155e-01,-2.9033e-01,-2.6902e-01,-2.4781e-01,-2.2689e-01,-2.0648e-01,-1.8673e-01,-1.6776e-01,-1.4963e-01,-1.3234e-01,-1.1588e-01,-1.0020e-01,-8.5216e-02,-7.0868e-02,-5.7081e-02,-4.3784e-02,-3.0918e-02,-1.8430e-02,-6.2768e-03,5.5778e-03,1.7162e-02,2.8500e-02,3.9609e-02,5.0504e-02,6.1197e-02,7.1699e-02,8.2015e-02,9.2156e-02,1.0213e-01,1.1193e-01,1.2157e-01,1.3106e-01,1.4040e-01,1.4960e-01,1.5865e-01,1.6757e-01,1.7635e-01,1.8501e-01,1.9355e-01,2.0197e-01,2.1027e-01,2.1847e-01,2.2656e-01,2.3455e-01,2.4244e-01,2.5024e-01,2.5795e-01
-1.3826e-01,-1.7749e-01,-2.1647e-01,-2.5520e-01,-2.9364e-01,-3.3171e-01,-3.6924e-01,-4.0600e-01,-4.4181e-01,-4.7654e-01,-5.1012e-01,-5.4257e-01,-5.7391e-01,-6.0421e-01,-6.3352e-01,-6.6189e-01,-6.8932e-01,-7.1583e-01,-7.4137e-01,-7.6591e-01,-7.8937e-01,-8.1170e-01,-8.3283e-01,-8.5265e-01,-8.7089e-01,-8.8685e-01,-8.9935e-01,-9.0774e-01,-9.1450e-01,-9.2516e-01,-9.4072e-01,-9.5100e-01,-9.4195e-01,-9.1020e-01,-8.6834e-01,-8.3257e-01,-8.0471e-01,-7.7659e-01,-7.4541e-01,-7.1278e-01,-6.7974e-01,-6.4638e-01,-6.1276e-01,-5.7938e-01,-5.4698e-01,-5.1624e-01,-4.8760e-01,-4.6117e-01,-4.3679e-01,-4.1407e-01,-3.9252e-01,-3.7165e-01,-3.5101e-01,-3.3033e-01,-3.0946e-01,-2.8841e-01,-2.6728e-01,-2.4624e-01,-2.2552e-01,-2.0530e-01,-1.8574e-01,-1.6697e-01,-1.4904e-01,-1.3198e-01,-1.1575e-01,-1.0030e-01,-8.5562e-02,-7.1466e-02,-5.7932e-02,-4.4891e-02,-3.2281e-02,-2.0045e-02,-8.1403e-03,3.4715e-03,1.4819e-02,2.5928e-02,3.6817e-02,4.7500e-02,5.7990e-02,6.8297e-02,7.8429e-02,8.8393e-02,9.8195e-02,1.0784e-01,1.1734e-01,1.2668e-01,1.3589e-01,1.4496e-01,1.5390e-01,1.6270e-01,1.7139e-01,1.7995e-01,1.8839e-01,1.9673e-01,2.0495e-01,2.1307e-01,2.2108e-01,2.2900e-01,2.3683e-01,2.4457e-01
-1.2612e-01,-1.6484e-01,-2.0338e-01,-2.4168e-01,-2.7973e-01,-3.1741e-01,-3.5458e-01,-3.9102e-01,-4.2653e-01,-4.6097e-01,-4.9428e-01,-5.2644e-01,-5.5749e-01,-5.8749e-01,-6.1651e-01,-6.4458e-01,-6.7175e-01,-6.9802e-01,-7.2338e-01,-7.4780e-01,-7.7122e-01,-7.9357e-01,-8.1479e-01,-8.3483e-01,-8.5363e-01,-8.7096e-01,-8.8622e-01,-8.9834e-01,-9.0670e-01,-9.1365e-01,-9.2442e-01,-9.3970e-01,-9.4941e-01,-9.3983e-01,-9.0782e-01,-8.6591e-01,-8.3010e-01,-8.0198e-01,-7.7353e-01,-7.4221e-01,-7.0972e-01,-6.7707e-01,-6.4414e-01,-6.1089e-01,-5.7771e-01,-5.4534e-01,-5.1450e-01,-4.8567e-01,-4.5904e-01,-4.3446e-01,-4.1159e-01,-3.8995e-01,-3.6905e-01,-3.4847e-01,-3.2789e-01,-3.0717e-01,-2.8629e-01,-2.6535e-01,-2.4451e-01,-2.2399e-01,-2.0398e-01,-1.8463e-01,-1.6608e-01,-1.4837e-01,-1.3154e-01,-1.1554e-01,-1.0034e-01,-8.5852e-02,-7.2010e-02,-5.8734e-02,-4.5950e-02,-3.3596e-02,-2.1613e-02,-9.9572e-03,1.4117e-03,1.2523e-02,2.3404e-02,3.4072e-02,4.4542e-02,5.4829e-02,6.4941e-02,7.4887e-02,8.4674e-02,9.4308e-02,1.0380e-01,1.1314e-01,1.2235e-01,1.3142e-01,1.4036e-01,1.4918e-01,1.5787e-01,1.6645e-01,1.7491e-01,1.8326e-01,1.9151e-01,1.9965e-01,2.0769e-01,2.1563e-01,2.2348e-01,2.3124e-01
-1.1444e-01,-1.5262e-01,-1.9068e-01,-2.2855e-01,-2.6617e-01,-3.0346e-01,-3.4027e-01,-3.7637e-01,-4.1158e-01,-4.4574e-01,-4.7877e-01,-5.1065e-01,-5.4142e-01,-5.7112e-01,-5.9983e-01,-6.2760e-01,-6.5448e-01,-6.8049e-01,-7.0564e-01,-7.2989e-01,-7.5321e-01,-7.7553e-01,-7.9678e-01,-8.1690e-01,-8.3586e-01,-8.5362e-01,-8.7004e-01,-8.8459e-01,-8.9629e-01,-9.0459e-01,-9.1172e-01,-9.2259e-01,-9.3764e-01,-9.4686e-01,-9.3684e-01,-9.0459e-01,-8.6262e-01,-8.2673e-01,-7.9836e-01,-7.6962e-01,-7.3821e-01,-7.0593e-01,-6.7370e-01,-6.4130e-01,-6.0849e-01,-5.7559e-01,-5.4332e-01,-5.1243e-01,-4.8347e-01,-4.5665e-01,-4.3189e-01,-4.0888e-01,-3.8716e-01,-3.6625e-01,-3.4571e-01,-3.2525e-01,-3.0468e-01,-2.8398e-01,-2.6324e-01,-2.4262e-01,-2.2232e-01,-2.0253e-01,-1.8341e-01,-1.6509e-01,-1.4762e-01,-1.3102e-01,-1.1527e-01,-1.0032e-01,-8.6086e-02,-7.2501e-02,-5.9484e-02,-4.6959e-02,-3.4861e-02,-2.3132e-02,-1.1724e-02,-5.9774e-04,1.0279e-02,2.0930e-02,3.1378e-02,4.1636e-02,5.1719e-02,6.1636e-02,7.1396e-02,8.1006e-02,9.0471e-02,9.9797e-02,1.0899e-01,1.1805e-01,1.2699e-01,1.3580e-01,1.4450e-01,1.5308e-01,1.6155e-01,1.6991e-01,1.7817e-01,1.8632e-01,1.9438e-01,2.0234e-01,2.1020e-01,2.1798e-01
-1.0324e-01,-1.4085e-01,-1.7839e-01,-2.1580e-01,-2.5299e-01,-2.8989e-01,-3.2632e-01,-3.6208e-01,-3.9699e-01,-4.3087e-01,-4.6362e-01,-4.9523e-01,-5.2571e-01,-5.5511e-01,-5.8352e-01,-6.1098e-01,-6.3756e-01,-6.6330e-01,-6.8820e-01,-7.1225e-01,-7.3544e-01,-7.5768e-01,-7.7893e-01,-7.9910e-01,-8.1813e-01,-8.3601e-01,-8.5275e-01,-8.6825e-01,-8.8208e-01,-8.9335e-01,-9.0155e-01,-9.0882e-01,-9.1978e-01,-9.3464e-01,-9.4346e-01,-9.3306e-01,-9.0060e-01,-8.5856e-01,-8.2257e-01,-7.9395e-01,-7.6495e-01,-7.3349e-01,-7.0145e-01,-6.6970e-01,-6.3787e-01,-6.0558e-01,-5.7304e-01,-5.4094e-01,-5.1006e-01,-4.8099e-01,-4.5402e-01,-4.2910e-01,-4.0596e-01,-3.8416e-01,-3.6324e-01,-3.4276e-01,-3.2240e-01,-3.0199e-01,-2.8149e-01,-2.6096e-01,-2.4057e-01,-2.2051e-01,-2.0096e-01,-1.8208e-01,-1.6400e-01,-1.4678e-01,-1.3043e-01,-1.1493e-01,-1.0023e-01,-8.6263e-02,-7.2938e-02,-6.0181e-02,-4.7916e-02,-3.6075e-02,-2.4598e-02,-1.3438e-02,-2.5530e-03,8.0881e-03,1.8512e-02,2.8740e-02,3.8787e-02,4.8667e-02,5.8389e-02,6.7963e-02,7.7394e-02,8.6690e-02,9.5854e-02,1.0489e-01,1.1381e-01,1.2261e-01,1.3129e-01,1.3987e-01,1.4833e-01,1.5669e-01,1.6495e-01,1.7311e-01,1.8117e-01,1.8914e-01,1.9702e-01,2.0481e-01
-9.2529e-02,-1.2953e-01,-1.6653e-01,-2.0346e-01,-2.4021e-01,-2.7669e-01,-3.1274e-01,-3.4817e-01,-3.8276e-01,-4.1636e-01,-4.4885e-01,-4.8018e-01,-5.1038e-01,-5.3950e-01,-5.6760e-01,-5.9476e-01,-6.2103e-01,-6.4647e-01,-6.7111e-01,-6.9494e-01,-7.1795e-01,-7.4009e-01,-7.6130e-01,-7.8149e-01,-8.0060e-01,-8.1856e-01,-8.3538e-01,-8.5110e-01,-8.6569e-01,-8.7879e-01,-8.8961e-01,-8.9769e-01,-9.0507e-01,-9.1611e-01,-9.3082e-01,-9.3929e-01,-9.2857e-01,-8.9594e-01,-8.5381e-01,-8.1768e-01,-7.8882e-01,-7.5960e-01,-7.2811e-01,-6.9634e-01,-6.6510e-01,-6.3390e-01,-6.0219e-01,-5.7007e-01,-5.3820e-01,-5.0738e-01,-4.7825e-01,-4.5116e-01,-4.2610e-01,-4.0284e-01,-3.8097e-01,-3.6004e-01,-3.3962e-01,-3.1938e-01,-2.9913e-01,-2.7883e-01,-2.5853e-01,-2.3838e-01,-2.1856e-01,-1.9926e-01,-1.8064e-01,-1.6282e-01,-1.4585e-01,-1.2976e-01,-1.1453e-01,-1.0009e-01,-8.6382e-02,-7.3321e-02,-6.0825e-02,-4.8819e-02,-3.7234e-02,-2.6010e-02,-1.5096e-02,-4.4515e-03,5.9565e-03,1.6155e-02,2.6164e-02,3.6000e-02,4.5677e-02,5.5205e-02,6.4592e-02,7.3845e-02,8.2971e-02,9.1974e-02,1.0086e-01,1.0963e-01,1.1829e-01,1.2684e-01,1.3529e-01,1.4363e-01,1.5188e-01,1.6004e-01,1.6809e-01,1.7606e-01,1.8394e-01,1.9174e-01
-8.2313e-02,-1.1868e-01,-1.5512e-01,-1.9154e-01,-2.2783e-01,-2.6388e-01,-2.9954e-01,-3.3463e-01,-3.6891e-01,-4.0223e-01,-4.3445e-01,-4.6553e-01,-4.9546e-01,-5.2429e-01,-5.5209e-01,-5.7894e-01,-6.0491e-01,-6.3005e-01,-6.5441e-01,-6.7799e-01,-7.0080e-01,-7.2280e-01,-7.4393e-01,-7.6413e-01,-7.8330e-01,-8.0136e-01,-8.1827e-01,-8.3404e-01,-8.4876e-01,-8.6245e-01,-8.7484e-01,-8.8521e-01,-8.9314e-01,-9.0058e-01,-9.1169e-01,-9.2626e-01,-9.3445e-01,-9.2347e-01,-8.9068e-01,-8.4845e-01,-8.1217e-01,-7.8307e-01,-7.5365e-01,-7.2215e-01,-6.9065e-01,-6.5995e-01,-6.2940e-01,-5.9832e-01,-5.6670e-01,-5.3511e-01,-5.0441e-01,-4.7527e-01,-4.4808e-01,-4.2290e-01,-3.9954e-01,-3.7761e-01,-3.5667e-01,-3.3630e-01,-3.1618e-01,-2.9610e-01,-2.7600e-01,-2.5594e-01,-2.3604e-01,-2.1649e-01,-1.9745e-01,-1.7910e-01,-1.6154e-01,-1.4485e-01,-1.2902e-01,-1.1406e-01,-9.9886e-02,-8.6444e-02,-7.3647e-02,-6.1415e-02,-4.9668e-02,-3.8338e-02,-2.7364e-02,-1.6695e-02,-6.2892e-03,3.8869e-03,1.3861e-02,2.3653e-02,3.3280e-02,4.2755e-02,5.2089e-02,6.1290e-02,7.0365e-02,7.9321e-02,8.8161e-02,9.6890e-02,1.0551e-01,1.1403e-01,1.2245e-01,1.3077e-01,1.3900e-01,1.4713e-01,1.5518e-01,1.6313e-01,1.7101e-01,1.7879e-01
-7.2601e-02,-1.0831e-01,-1.4417e-01,-1.8005e-01,-2.1586e-01,-2.5147e-01,-2.8674e-01,-3.2147e-01,-3.5545e-01,-3.8848e-01,-4.2045e-01,-4.5126e-01,-4.8093e-01,-5.0949e-01,-5.3701e-01,-5.6356e-01,-5.8923e-01,-6.1407e-01,-6.3813e-01,-6.6145e-01,-6.8403e-01,-7.0585e-01,-7.2688e-01,-7.4704e-01,-7.6625e-01,-7.8442e-01,-8.0146e-01,-8.1733e-01,-8.3208e-01,-8.4582e-01,-8.5863e-01,-8.7032e-01,-8.8023e-01,-8.8799e-01,-8.9548e-01,-9.0662e-01,-9.2106e-01,-9.2900e-01,-9.1781e-01,-8.8490e-01,-8.4256e-01,-8.0611e-01,-7.7678e-01,-7.4717e-01,-7.1567e-01,-6.8445e-01,-6.5427e-01,-6.2441e-01,-5.9401e-01,-5.6293e-01,-5.3169e-01,-5.0115e-01,-4.7203e-01,-4.4478e-01,-4.1951e-01,-3.9606e-01,-3.7407e-01,-3.5313e-01,-3.3282e-01,-3.1281e-01,-2.9291e-01,-2.7302e-01,-2.5320e-01,-2.3356e-01,-2.1428e-01,-1.9553e-01,-1.7746e-01,-1.6018e-01,-1.4376e-01,-1.2821e-01,-1.1352e-01,-9.9621e-02,-8.6448e-02,-7.3918e-02,-6.1949e-02,-5.0461e-02,-3.9385e-02,-2.8660e-02,-1.8234e-02,-8.0640e-03,1.8832e-03,1.1634e-02,2.1211e-02,3.0631e-02,3.9906e-02,4.9047e-02,5.8063e-02,6.6960e-02,7.5745e-02,8.4422e-02,9.2995e-02,1.0147e-01,1.0985e-01,1.1813e-01,1.2632e-01,1.3443e-01,1.4244e-01,1.5038e-01,1.5823e-01,1.6601e-01
-6.3395e-02,-9.8437e-02,-1.3368e-01,-1.6901e-01,-2.0432e-01,-2.3948e-01,-2.7434e-01,-3.0870e-01,-3.4237e-01,-3.7512e-01,-4.0683e-01,-4.3740e-01,-4.6682e-01,-4.9512e-01,-5.2236e-01,-5.4863e-01,-5.7399e-01,-5.9853e-01,-6.2230e-01,-6.4534e-01,-6.6767e-01,-6.8929e-01,-7.1018e-01,-7.3027e-01,-7.4948e-01,-7.6773e-01,-7.8492e-01,-8.0095e-01,-8.1582e-01,-8.2957e-01,-8.4235e-01,-8.5431e-01,-8.6531e-01,-8.7477e-01,-8.8235e-01,-8.8984e-01,-9.0099e-01,-9.1531e-01,-9.2305e-01,-9.1169e-01,-8.7868e-01,-8.3622e-01,-7.9957e-01,-7.7002e-01,-7.4024e-01,-7.0874e-01,-6.7778e-01,-6.4813e-01,-6.1896e-01,-5.8927e-01,-5.5878e-01,-5.2795e-01,-4.9761e-01,-4.6856e-01,-4.4129e-01,-4.1594e-01,-3.9241e-01,-3.7037e-01,-3.4943e-01,-3.2918e-01,-3.0930e-01,-2.8956e-01,-2.6990e-01,-2.5032e-01,-2.3096e-01,-2.1196e-01,-1.9349e-01,-1.7571e-01,-1.5872e-01,-1.4259e-01,-1.2733e-01,-1.1292e-01,-9.9295e-02,-8.6395e-02,-7.4133e-02,-6.2427e-02,-5.1197e-02,-4.0374e-02,-2.9895e-02,-1.9709e-02,-9.7729e-03,-5.2672e-05,9.4787e-03,1.8843e-02,2.8057e-02,3.7134e-02,4.6084e-02,5.4915e-02,6.3636e-02,7.2250e-02,8.0764e-02,8.9180e-02,9.7504e-02,1.0574e-01,1.1388e-01,1.2195e-01,1.2993e-01,1.3783e-01,1.4565e-01,1.5340e-01
-5.4694e-02,-8.9055e-02,-1.2367e-01,-1.5842e-01,-1.9321e-01,-2.2790e-01,-2.6234e-01,-2.9633e-01,-3.2967e-01,-3.6215e-01,-3.9361e-01,-4.2394e-01,-4.5312e-01,-4.8117e-01,-5.0815e-01,-5.3414e-01,-5.5921e-01,-5.8345e-01,-6.0692e-01,-6.2968e-01,-6.5176e-01,-6.7316e-01,-6.9386e-01,-7.1384e-01,-7.3302e-01,-7.5132e-01,-7.6864e-01,-7.8486e-01,-7.9992e-01,-8.1379e-01,-8.2657e-01,-8.3843e-01,-8.4957e-01,-8.5991e-01,-8.6892e-01,-8.7630e-01,-8.8376e-01,-8.9490e-01,-9.0910e-01,-9.1666e-01,-9.0518e-01,-8.7208e-01,-8.2949e-01,-7.9264e-01,-7.6286e-01,-7.3293e-01,-7.0143e-01,-6.7070e-01,-6.4156e-01,-6.1308e-01,-5.8413e-01,-5.5427e-01,-5.2388e-01,-4.9381e-01,-4.6486e-01,-4.3759e-01,-4.1219e-01,-3.8860e-01,-3.6652e-01,-3.4559e-01,-3.2540e-01,-3.0564e-01,-2.8608e-01,-2.6663e-01,-2.4731e-01,-2.2822e-01,-2.0951e-01,-1.9135e-01,-1.7387e-01,-1.5718e-01,-1.4134e-01,-1.2637e-01,-1.1225e-01,-9.8907e-02,-8.6282e-02,-7.4290e-02,-6.2847e-02,-5.1875e-02,-4.1302e-02,-3.1068e-02,-2.1120e-02,-1.1414e-02,-1.9178e-03,7.3967e-03,1.6551e-02,2.5562e-02,3.4442e-02,4.3203e-02,5.1852e-02,6.0396e-02,6.8841e-02,7.7191e-02,8.5451e-02,9.3625e-02,1.0171e-01,1.0972e-01,1.1765e-01,1.2551e-01,1.3329e-01,1.4099e-01
-4.6497e-02,-8.0170e-02,-1.1413e-01,-1.4830e-01,-1.8254e-01,-2.1674e-01,-2.5074e-01,-2.8436e-01,-3.1737e-01,-3.4957e-01,-3.8077e-01,-4.1088e-01,-4.3983e-01,-4.6764e-01,-4.9437e-01,-5.2009e-01,-5.4489e-01,-5.6884e-01,-5.9203e-01,-6.1450e-01,-6.3631e-01,-6.5747e-01,-6.7797e-01,-6.9781e-01,-7.1691e-01,-7.3521e-01,-7.5262e-01,-7.6901e-01,-7.8430e-01,-7.9840e-01,-8.1131e-01,-8.2315e-01,-8.3413e-01,-8.4448e-01,-8.5419e-01,-8.6276e-01,-8.6993e-01,-8.7733e-01,-8.8842e-01,-9.0249e-01,-9.0990e-01,-8.9833e-01,-8.6517e-01,-8.2245e-01,-7.8538e-01,-7.5538e-01,-7.2530e-01,-6.9378e-01,-6.6327e-01,-6.3460e-01,-6.0681e-01,-5.7861e-01,-5.4941e-01,-5.1952e-01,-4.8974e-01,-4.6094e-01,-4.3370e-01,-4.0828e-01,-3.8464e-01,-3.6254e-01,-3.4161e-01,-3.2149e-01,-3.0185e-01,-2.8247e-01,-2.6324e-01,-2.4418e-01,-2.2537e-01,-2.0696e-01,-1.8910e-01,-1.7193e-01,-1.5555e-01,-1.4002e-01,-1.2535e-01,-1.1151e-01,-9.8457e-02,-8.6110e-02,-7.4389e-02,-6.3210e-02,-5.2494e-02,-4.2170e-02,-3.2178e-02,-2.2464e-02,-1.2986e-02,-3.7103e-03,5.3905e-03,1.4338e-02,2.3148e-02,3.1835e-02,4.0408e-02,4.8876e-02,5.7246e-02,6.5522e-02,7.3710e-02,8.1813e-02,8.9835e-02,9.7780e-02,1.0565e-01,1.1345e-01,1.2117e-01,1.2883e-01
-3.8795e-02,-7.1781e-02,-1.0509e-01,-1.3864e-01,-1.7232e-01,-2.0601e-01,-2.3957e-01,-2.7279e-01,-3.0546e-01,-3.3737e-01,-3.6833e-01,-3.9821e-01,-4.2694e-01,-4.5454e-01,-4.8103e-01,-5.0650e-01,-5.3103e-01,-5.5471e-01,-5.7761e-01,-5.9980e-01,-6.2134e-01,-6.4224e-01,-6.6253e-01,-6.8219e-01,-7.0118e-01,-7.1944e-01,-7.3689e-01,-7.5342e-01,-7.6892e-01,-7.8329e-01,-7.9646e-01,-8.0844e-01,-8.1937e-01,-8.2951e-01,-8.3911e-01,-8.4821e-01,-8.5636e-01,-8.6330e-01,-8.7063e-01,-8.8164e-01,-8.9557e-01,-9.0284e-01,-8.9122e-01,-8.5802e-01,-8.1516e-01,-7.7785e-01,-7.4763e-01,-7.1741e-01,-6.8587e-01,-6.5553e-01,-6.2731e-01,-6.0018e-01,-5.7273e-01,-5.4422e-01,-5.1486e-01,-4.8542e-01,-4.5679e-01,-4.2962e-01,-4.0420e-01,-3.8053e-01,-3.5841e-01,-3.3751e-01,-3.1745e-01,-2.9794e-01,-2.7873e-01,-2.5972e-01,-2.4092e-01,-2.2240e-01,-2.0429e-01,-1.8675e-01,-1.6989e-01,-1.5383e-01,-1.3861e-01,-1.2424e-01,-1.1071e-01,-9.7943e-02,-8.5878e-02,-7.4429e-02,-6.3513e-02,-5.3053e-02,-4.2976e-02,-3.3223e-02,-2.3741e-02,-1.4487e-02,-5.4284e-03,3.4625e-03,1.2206e-02,2.0820e-02,2.9316e-02,3.7704e-02,4.5993e-02,5.4189e-02,6.2298e-02,7.0324e-02,7.8271e-02,8.6142e-02,9.3942e-02,1.0167e-01,1.0933e-01,1.1693e-01
-3.1583e-02,-6.3884e-02,-9.6526e-02,-1.2945e-01,-1.6255e-01,-1.9572e-01,-2.2881e-01,-2.6162e-01,-2.9395e-01,-3.2556e-01,-3.5627e-01,-3.8593e-01,-4.1446e-01,-4.4184e-01,-4.6812e-01,-4.9335e-01,-5.1763e-01,-5.4105e-01,-5.6367e-01,-5.8559e-01,-6.0685e-01,-6.2750e-01,-6.4756e-01,-6.6702e-01,-6.8587e-01,-7.0405e-01,-7.2149e-01,-7.3811e-01,-7.5379e-01,-7.6841e-01,-7.8188e-01,-7.9414e-01,-8.0523e-01,-8.1529e-01,-8.2462e-01,-8.3352e-01,-8.4204e-01,-8.4978e-01,-8.5650e-01,-8.6371e-01,-8.7461e-01,-8.8840e-01,-8.9555e-01,-8.8390e-01,-8.5068e-01,-8.0768e-01,-7.7012e-01,-7.3969e-01,-7.0933e-01,-6.7775e-01,-6.4756e-01,-6.1974e-01,-5.9324e-01,-5.6652e-01,-5.3872e-01,-5.0991e-01,-4.8085e-01,-4.5244e-01,-4.2535e-01,-3.9996e-01,-3.7629e-01,-3.5416e-01,-3.3328e-01,-3.1330e-01,-2.9391e-01,-2.7488e-01,-2.5609e-01,-2.3755e-01,-2.1932e-01,-2.0152e-01,-1.8430e-01,-1.6777e-01,-1.5203e-01,-1.3713e-01,-1.2307e-01,-1.0984e-01,-9.7366e-02,-8.5584e-02,-7.4408e-02,-6.3757e-02,-5.3550e-02,-4.3720e-02,-3.4203e-02,-2.4949e-02,-1.5916e-02,-7.0704e-03,1.6139e-03,1.0158e-02,1.8578e-02,2.6886e-02,3.5093e-02,4.3205e-02,5.1230e-02,5.9173e-02,6.7038e-02,7.4829e-02,8.2550e-02,9.0203e-02,9.7792e-02,1.0532e-01
-2.4848e-02,-5.6474e-02,-8.8449e-02,-1.2073e-01,-1.5324e-01,-1.8587e-01,-2.1847e-01,-2.5086e-01,-2.8282e-01,-3.1414e-01,-3.4460e-01,-3.7404e-01,-4.0237e-01,-4.2955e-01,-4.5563e-01,-4.8064e-01,-5.0469e-01,-5.2785e-01,-5.5022e-01,-5.7187e-01,-5.9286e-01,-6.1325e-01,-6.3307e-01,-6.5232e-01,-6.7100e-01,-6.8906e-01,-7.0646e-01,-7.2311e-01,-7.3891e-01,-7.5375e-01,-7.6752e-01,-7.8012e-01,-7.9150e-01,-8.0172e-01,-8.1096e-01,-8.1953e-01,-8.2776e-01,-8.3574e-01,-8.4309e-01,-8.4957e-01,-8.5664e-01,-8.6741e-01,-8.8103e-01,-8.8808e-01,-8.7643e-01,-8.4320e-01,-8.0005e-01,-7.6223e-01,-7.3159e-01,-7.0111e-01,-6.6947e-01,-6.3938e-01,-6.1191e-01,-5.8600e-01,-5.6001e-01,-5.3292e-01,-5.0470e-01,-4.7605e-01,-4.4787e-01,-4.2091e-01,-3.9556e-01,-3.7190e-01,-3.4979e-01,-3.2895e-01,-3.0904e-01,-2.8977e-01,-2.7091e-01,-2.5236e-01,-2.3408e-01,-2.1614e-01,-1.9865e-01,-1.8175e-01,-1.6555e-01,-1.5014e-01,-1.3556e-01,-1.2183e-01,-1.0890e-01,-9.6724e-02,-8.5228e-02,-7.4327e-02,-6.3939e-02,-5.3987e-02,-4.4399e-02,-3.5116e-02,-2.6088e-02,-1.7272e-02,-8.6360e-03,-1.5393e-04,8.1943e-03,1.6424e-02,2.4548e-02,3.2576e-02,4.0515e-02,4.8371e-02,5.6149e-02,6.3855e-02,7.1491e-02,7.9062e-02,8.6569e-02,9.4016e-02
-1.8578e-02,-4.9544e-02,-8.0853e-02,-1.1249e-01,-1.4439e-01,-1.7646e-01,-2.0855e-01,-2.4050e-01,-2.7209e-01,-3.0310e-01,-3.3330e-01,-3.6252e-01,-3.9066e-01,-4.1766e-01,-4.4355e-01,-4.6836e-01,-4.9219e-01,-5.1512e-01,-5.3723e-01,-5.5863e-01,-5.7936e-01,-5.9950e-01,-6.1907e-01,-6.3810e-01,-6.5659e-01,-6.7451e-01,-6.9182e-01,-7.0846e-01,-7.2433e-01,-7.3934e-01,-7.5336e-01,-7.6629e-01,-7.7804e-01,-7.8858e-01,-7.9797e-01,-8.0643e-01,-8.1428e-01,-8.2189e-01,-8.2935e-01,-8.3633e-01,-8.4257e-01,-8.4949e-01,-8.6009e-01,-8.7353e-01,-8.8049e-01,-8.6885e-01,-8.3562e-01,-7.9233e-01,-7.5425e-01,-7.2341e-01,-6.9280e-01,-6.6109e-01,-6.3106e-01,-6.0389e-01,-5.7852e-01,-5.5323e-01,-5.2685e-01,-4.9923e-01,-4.7101e-01,-4.4311e-01,-4.1630e-01,-3.9102e-01,-3.6739e-01,-3.4530e-01,-3.2450e-01,-3.0467e-01,-2.8553e-01,-2.6685e-01,-2.4852e-01,-2.3050e-01,-2.1286e-01,-1.9569e-01,-1.7911e-01,-1.6325e-01,-1.4817e-01,-1.3392e-01,-1.2051e-01,-1.0789e-01,-9.6016e-02,-8.4808e-02,-7.4183e-02,-6.4059e-02,-5.4359e-02,-4.5013e-02,-3.5962e-02,-2.7156e-02,-1.8554e-02,-1.0124e-02,-1.8403e-03,6.3158e-03,1.4360e-02,2.2304e-02,3.0156e-02,3.7924e-02,4.5614e-02,5.3231e-02,6.0778e-02,6.8261e-02,7.5682e-02,8.3044e-02
-1.2759e-02,-4.3084e-02,-7.3735e-02,-1.0472e-01,-1.3601e-01,-1.6750e-01,-1.9907e-01,-2.3056e-01,-2.6176e-01,-2.9244e-01,-3.2238e-01,-3.5139e-01,-3.7933e-01,-4.0616e-01,-4.3187e-01,-4.5650e-01,-4.8012e-01,-5.0283e-01,-5.2472e-01,-5.4586e-01,-5.6635e-01,-5.8624e-01,-6.0557e-01,-6.2438e-01,-6.4266e-01,-6.6042e-01,-6.7762e-01,-6.9420e-01,-7.1009e-01,-7.2520e-01,-7.3943e-01,-7.5265e-01,-7.6477e-01,-7.7569e-01,-7.8542e-01,-7.9403e-01,-8.0174e-01,-8.0893e-01,-8.1595e-01,-8.2294e-01,-8.2956e-01,-8.3556e-01,-8.4229e-01,-8.5269e-01,-8.6594e-01,-8.7281e-01,-8.6121e-01,-8.2801e-01,-7.8456e-01,-7.4621e-01,-7.1517e-01,-6.8445e-01,-6.5265e-01,-6.2264e-01,-5.9571e-01,-5.7083e-01,-5.4621e-01,-5.2054e-01,-4.9353e-01,-4.6576e-01,-4.3816e-01,-4.1152e-01,-3.8633e-01,-3.6275e-01,-3.4070e-01,-3.1995e-01,-3.0021e-01,-2.8120e-01,-2.6270e-01,-2.4459e-01,-2.2683e-01,-2.0948e-01,-1.9263e-01,-1.7639e-01,-1.6086e-01,-1.4612e-01,-1.3220e-01,-1.1911e-01,-1.0681e-01,-9.5241e-02,-8.4322e-02,-7.3974e-02,-6.4115e-02,-5.4667e-02,-4.5562e-02,-3.6741e-02,-2.8154e-02,-1.9762e-02,-1.1534e-02,-3.4451e-03,4.5234e-03,1.2386e-02,2.0153e-02,2.7833e-02,3.5434e-02,4.2961e-02,5.0418e-02,5.7810e-02,6.5141e-02,7.2413e-02
-7.3760e-03,-3.7082e-02,-6.7085e-02,-9.7428e-02,-1.2808e-01,-1.5898e-01,-1.9002e-01,-2.2103e-01,-2.5182e-01,-2.8216e-01,-3.1183e-01,-3.4061e-01,-3.6838e-01,-3.9504e-01,-4.2058e-01,-4.4504e-01,-4.6847e-01,-4.9098e-01,-5.1265e-01,-5.3357e-01,-5.5382e-01,-5.7347e-01,-5.9256e-01,-6.1114e-01,-6.2922e-01,-6.4680e-01,-6.6386e-01,-6.8035e-01,-6.9622e-01,-7.1139e-01,-7.2576e-01,-7.3922e-01,-7.5166e-01,-7.6298e-01,-7.7311e-01,-7.8206e-01,-7.8992e-01,-7.9695e-01,-8.0350e-01,-8.0999e-01,-8.1653e-01,-8.2281e-01,-8.2856e-01,-8.3510e-01,-8.4528e-01,-8.5832e-01,-8.6510e-01,-8.5355e-01,-8.2038e-01,-7.7679e-01,-7.3815e-01,-7.0692e-01,-6.7610e-01,-6.4420e-01,-6.1417e-01,-5.8742e-01,-5.6297e-01,-5.3898e-01,-5.1399e-01,-4.8760e-01,-4.6030e-01,-4.3301e-01,-4.0657e-01,-3.8149e-01,-3.5798e-01,-3.3599e-01,-3.1530e-01,-2.9565e-01,-2.7677e-01,-2.5845e-01,-2.4056e-01,-2.2307e-01,-2.0602e-01,-1.8948e-01,-1.7357e-01,-1.5838e-01,-1.4398e-01,-1.3041e-01,-1.1764e-01,-1.0566e-01,-9.4396e-02,-8.3769e-02,-7.3700e-02,-6.4106e-02,-5.4910e-02,-4.6044e-02,-3.7450e-02,-2.9080e-02,-2.0896e-02,-1.2866e-02,-4.9678e-03,2.8166e-03,1.0501e-02,1.8095e-02,2.5608e-02,3.3046e-02,4.0412e-02,4.7713e-02,5.4952e-02,6.2133e-02
-2.4101e-03,-3.1525e-02,-6.0897e-02,-9.0597e-02,-1.2062e-01,-1.5092e-01,-1.8140e-01,-2.1191e-01,-2.4228e-01,-2.7226e-01,-3.0164e-01,-3.3020e-01,-3.5778e-01,-3.8428e-01,-4.0967e-01,-4.3397e-01,-4.5724e-01,-4.7956e-01,-5.0103e-01,-5.2173e-01,-5.4176e-01,-5.6118e-01,-5.8004e-01,-5.9840e-01,-6.1627e-01,-6.3366e-01,-6.5056e-01,-6.6694e-01,-6.8276e-01,-6.9793e-01,-7.1239e-01,-7.2603e-01,-7.3874e-01,-7.5041e-01,-7.6097e-01,-7.7034e-01,-7.7854e-01,-7.8570e-01,-7.9208e-01,-7.9806e-01,-8.0404e-01,-8.1017e-01,-8.1612e-01,-8.2163e-01,-8.2795e-01,-8.3788e-01,-8.5069e-01,-8.5738e-01,-8.4590e-01,-8.1279e-01,-7.6904e-01,-7.3012e-01,-6.9870e-01,-6.6779e-01,-6.3578e-01,-6.0568e-01,-5.7905e-01,-5.5498e-01,-5.3157e-01,-5.0724e-01,-4.8146e-01,-4.5465e-01,-4.2770e-01,-4.0146e-01,-3.7651e-01,-3.5309e-01,-3.3117e-01,-3.1056e-01,-2.9101e-01,-2.7226e-01,-2.5412e-01,-2.3646e-01,-2.1923e-01,-2.0247e-01,-1.8625e-01,-1.7067e-01,-1.5582e-01,-1.4177e-01,-1.2853e-01,-1.1610e-01,-1.0444e-01,-9.3480e-02,-8.3148e-02,-7.3359e-02,-6.4030e-02,-5.5085e-02,-4.6458e-02,-3.8090e-02,-2.9935e-02,-2.1954e-02,-1.4120e-02,-6.4085e-03,1.1963e-03,8.7068e-03,1.6133e-02,2.3481e-02,3.0759e-02,3.7969e-02,4.5116e-02,5.2205e-02
2.1575e-03,-2.6398e-02,-5.5159e-02,-8.4225e-02,-1.1362e-01,-1.4331e-01,-1.7322e-01,-2.0322e-01,-2.3313e-01,-2.6275e-01,-2.9183e-01,-3.2015e-01,-3.4754e-01,-3.7388e-01,-3.9912e-01,-4.2328e-01,-4.4639e-01,-4.6855e-01,-4.8984e-01,-5.1034e-01,-5.3016e-01,-5.4936e-01,-5.6800e-01,-5.8614e-01,-6.0380e-01,-6.2100e-01,-6.3774e-01,-6.5399e-01,-6.6972e-01,-6.8487e-01,-6.9936e-01,-7.1312e-01,-7.2604e-01,-7.3802e-01,-7.4895e-01,-7.5876e-01,-7.6740e-01,-7.7490e-01,-7.8140e-01,-7.8718e-01,-7.9262e-01,-7.9814e-01,-8.0388e-01,-8.0952e-01,-8.1479e-01,-8.2087e-01,-8.3053e-01,-8.4310e-01,-8.4970e-01,-8.3830e-01,-8.0526e-01,-7.6136e-01,-7.2214e-01,-6.9054e-01,-6.5955e-01,-6.2742e-01,-5.9722e-01,-5.7065e-01,-5.4689e-01,-5.2400e-01,-5.0032e-01,-4.7514e-01,-4.4882e-01,-4.2221e-01,-3.9620e-01,-3.7140e-01,-3.4808e-01,-3.2624e-01,-3.0571e-01,-2.8628e-01,-2.6767e-01,-2.4972e-01,-2.3227e-01,-2.1530e-01,-1.9883e-01,-1.8293e-01,-1.6769e-01,-1.5319e-01,-1.3947e-01,-1.2658e-01,-1.1448e-01,-1.0314e-01,-9.2492e-02,-8.2455e-02,-7.2947e-02,-6.3884e-02,-5.5191e-02,-4.6802e-02,-3.8659e-02,-3.0716e-02,-2.2938e-02,-1.5296e-02,-7.7678e-03,-3.3946e-04,7.0018e-03,1.4263e-02,2.1452e-02,2.8573e-02,3.5630e-02,4.2628e-02
6.3460e-03,-2.1686e-02,-4.9859e-02,-7.8305e-02,-1.0707e-01,-1.3615e-01,-1.6547e-01,-1.9494e-01,-2.2439e-01,-2.5361e-01,-2.8237e-01,-3.1045e-01,-3.3764e-01,-3.6383e-01,-3.8893e-01,-4.1295e-01,-4.3593e-01,-4.5794e-01,-4.7905e-01,-4.9938e-01,-5.1900e-01,-5.3799e-01,-5.5643e-01,-5.7436e-01,-5.9182e-01,-6.0883e-01,-6.2539e-01,-6.4150e-01,-6.5712e-01,-6.7221e-01,-6.8671e-01,-7.0054e-01,-7.1361e-01,-7.2583e-01,-7.3709e-01,-7.4730e-01,-7.5640e-01,-7.6434e-01,-7.7118e-01,-7.7706e-01,-7.8227e-01,-7.8723e-01,-7.9232e-01,-7.9770e-01,-8.0305e-01,-8.0806e-01,-8.1389e-01,-8.2326e-01,-8.3557e-01,-8.4209e-01,-8.3078e-01,-7.9782e-01,-7.5376e-01,-7.1424e-01,-6.8247e-01,-6.5142e-01,-6.1916e-01,-5.8882e-01,-5.6225e-01,-5.3874e-01,-5.1633e-01,-4.9324e-01,-4.6866e-01,-4.4282e-01,-4.1656e-01,-3.9079e-01,-3.6615e-01,-3.4295e-01,-3.2120e-01,-3.0078e-01,-2.8146e-01,-2.6301e-01,-2.4523e-01,-2.2801e-01,-2.1131e-01,-1.9513e-01,-1.7954e-01,-1.6463e-01,-1.5047e-01,-1.3710e-01,-1.2454e-01,-1.1278e-01,-1.0177e-01,-9.1430e-02,-8.1690e-02,-7.2464e-02,-6.3668e-02,-5.5227e-02,-4.7075e-02,-3.9156e-02,-3.1424e-02,-2.3846e-02,-1.6393e-02,-9.0457e-03,-1.7899e-03,5.3847e-03,1.2486e-02,1.9519e-02,2.6487e-02,3.3396e-02
1.0177e-02,-1.7369e-02,-4.4984e-02,-7.2826e-02,-1.0097e-01,-1.2943e-01,-1.5817e-01,-1.8709e-01,-2.1605e-01,-2.4486e-01,-2.7329e-01,-3.0110e-01,-3.2809e-01,-3.5411e-01,-3.7909e-01,-4.0298e-01,-4.2583e-01,-4.4770e-01,-4.6867e-01,-4.8883e-01,-5.0827e-01,-5.2707e-01,-5.4531e-01,-5.6304e-01,-5.8030e-01,-5.9713e-01,-6.1352e-01,-6.2948e-01,-6.4498e-01,-6.5999e-01,-6.7446e-01,-6.8832e-01,-7.0149e-01,-7.1389e-01,-7.2541e-01,-7.3598e-01,-7.4549e-01,-7.5390e-01,-7.6118e-01,-7.6740e-01,-7.7271e-01,-7.7740e-01,-7.8190e-01,-7.8660e-01,-7.9165e-01,-7.9672e-01,-8.0148e-01,-8.0705e-01,-8.1611e-01,-8.2814e-01,-8.3457e-01,-8.2337e-01,-7.9049e-01,-7.4628e-01,-7.0646e-01,-6.7452e-01,-6.4342e-01,-6.1103e-01,-5.8052e-01,-5.5390e-01,-5.3056e-01,-5.0856e-01,-4.8603e-01,-4.6203e-01,-4.3668e-01,-4.1078e-01,-3.8525e-01,-3.6078e-01,-3.3770e-01,-3.1606e-01,-2.9575e-01,-2.7656e-01,-2.5826e-01,-2.4068e-01,-2.2368e-01,-2.0723e-01,-1.9135e-01,-1.7607e-01,-1.6149e-01,-1.4767e-01,-1.3465e-01,-1.2244e-01,-1.1101e-01,-1.0032e-01,-9.0292e-02,-8.0851e-02,-7.1907e-02,-6.3378e-02,-5.5190e-02,-4.7275e-02,-3.9579e-02,-3.2058e-02,-2.4678e-02,-1.7412e-02,-1.0243e-02,-3.1566e-03,3.8555e-03,1.0800e-02,1.7680e-02,2.4500e-02
1.3673e-02,-1.3430e-02,-4.0518e-02,-6.7778e-02,-9.5314e-02,-1.2316e-01,-1.5130e-01,-1.7966e-01,-2.0812e-01,-2.3650e-01,-2.6457e-01,-2.9209e-01,-3.1887e-01,-3.4473e-01,-3.6957e-01,-3.9335e-01,-4.1609e-01,-4.3783e-01,-4.5866e-01,-4.7867e-01,-4.9795e-01,-5.1658e-01,-5.3463e-01,-5.5218e-01,-5.6925e-01,-5.8589e-01,-6.0212e-01,-6.1792e-01,-6.3330e-01,-6.4821e-01,-6.6262e-01,-6.7648e-01,-6.8971e-01,-7.0223e-01,-7.1397e-01,-7.2482e-01,-7.3471e-01,-7.4355e-01,-7.5130e-01,-7.5796e-01,-7.6359e-01,-7.6837e-01,-7.7259e-01,-7.7668e-01,-7.8102e-01,-7.8575e-01,-7.9055e-01,-7.9507e-01,-8.0036e-01,-8.0909e-01,-8.2083e-01,-8.2716e-01,-8.1607e-01,-7.8330e-01,-7.3895e-01,-6.9880e-01,-6.6671e-01,-6.3557e-01,-6.0306e-01,-5.7234e-01,-5.4561e-01,-5.2239e-01,-5.0074e-01,-4.7873e-01,-4.5528e-01,-4.3040e-01,-4.0486e-01,-3.7958e-01,-3.5528e-01,-3.3234e-01,-3.1082e-01,-2.9063e-01,-2.7158e-01,-2.5344e-01,-2.3605e-01,-2.1928e-01,-2.0309e-01,-1.8749e-01,-1.7254e-01,-1.5828e-01,-1.4480e-01,-1.3212e-01,-1.2025e-01,-1.0916e-01,-9.8790e-02,-8.9077e-02,-7.9934e-02,-7.1274e-02,-6.3013e-02,-5.5077e-02,-4.7400e-02,-3.9927e-02,-3.2616e-02,-2.5433e-02,-1.8353e-02,-1.1359e-02,-4.4403e-03,2.4120e-03,9.2028e-03,1.5935e-02
1.6856e-02,-9.8480e-03,-3.6444e-02,-6.3148e-02,-9.0089e-02,-1.1733e-01,-1.4487e-01,-1.7266e-01,-2.0060e-01,-2.2852e-01,-2.5621e-01,-2.8344e-01,-3.0999e-01,-3.3568e-01,-3.6038e-01,-3.8405e-01,-4.0668e-01,-4.2831e-01,-4.4902e-01,-4.6890e-01,-4.8803e-01,-5.0649e-01,-5.2438e-01,-5.4175e-01,-5.5865e-01,-5.7512e-01,-5.9117e-01,-6.0683e-01,-6.2207e-01,-6.3688e-01,-6.5122e-01,-6.6504e-01,-6.7829e-01,-6.9090e-01,-7.0279e-01,-7.1388e-01,-7.2407e-01,-7.3331e-01,-7.4151e-01,-7.4864e-01,-7.5471e-01,-7.5979e-01,-7.6408e-01,-7.6787e-01,-7.7157e-01,-7.7559e-01,-7.8003e-01,-7.8457e-01,-7.8883e-01,-7.9385e-01,-8.0223e-01,-8.1366e-01,-8.1989e-01,-8.0893e-01,-7.7626e-01,-7.3176e-01,-6.9130e-01,-6.5905e-01,-6.2790e-01,-5.9526e-01,-5.6431e-01,-5.3742e-01,-5.1425e-01,-4.9289e-01,-4.7135e-01,-4.4842e-01,-4.2401e-01,-3.9882e-01,-3.7379e-01,-3.4967e-01,-3.2686e-01,-3.0548e-01,-2.8542e-01,-2.6651e-01,-2.4854e-01,-2.3135e-01,-2.1481e-01,-1.9889e-01,-1.8357e-01,-1.6893e-01,-1.5500e-01,-1.4186e-01,-1.2952e-01,-1.1798e-01,-1.0722e-01,-9.7183e-02,-8.7783e-02,-7.8938e-02,-7.0563e-02,-6.2571e-02,-5.4888e-02,-4.7449e-02,-4.0199e-02,-3.3097e-02,-2.6110e-02,-1.9215e-02,-1.2396e-02,-5.6414e-03,1.0539e-03,7.6941e-03
1.9750e-02,-6.6022e-03,-3.2744e-02,-5.8921e-02,-8.5287e-02,-1.1193e-01,-1.3887e-01,-1.6608e-01,-1.9348e-01,-2.2093e-01,-2.4822e-01,-2.7513e-01,-3.0144e-01,-3.2694e-01,-3.5151e-01,-3.7507e-01,-3.9760e-01,-4.1913e-01,-4.3973e-01,-4.5949e-01,-4.7848e-01,-4.9680e-01,-5.1453e-01,-5.3174e-01,-5.4847e-01,-5.6478e-01,-5.8068e-01,-5.9618e-01,-6.1129e-01,-6.2599e-01,-6.4025e-01,-6.5403e-01,-6.6727e-01,-6.7993e-01,-6.9193e-01,-7.0319e-01,-7.1364e-01,-7.2320e-01,-7.3180e-01,-7.3938e-01,-7.4593e-01,-7.5145e-01,-7.5603e-01,-7.5986e-01,-7.6325e-01,-7.6661e-01,-7.7032e-01,-7.7449e-01,-7.7878e-01,-7.8280e-01,-7.8752e-01,-7.9554e-01,-8.0665e-01,-8.1278e-01,-8.0194e-01,-7.6940e-01,-7.2476e-01,-6.8397e-01,-6.5157e-01,-6.2042e-01,-5.8767e-01,-5.5647e-01,-5.2936e-01,-5.0617e-01,-4.8505e-01,-4.6392e-01,-4.4148e-01,-4.1752e-01,-3.9268e-01,-3.6789e-01,-3.4395e-01,-3.2129e-01,-3.0003e-01,-2.8012e-01,-2.6136e-01,-2.4357e-01,-2.2658e-01,-2.1028e-01,-1.9461e-01,-1.7959e-01,-1.6525e-01,-1.5165e-01,-1.3884e-01,-1.2684e-01,-1.1564e-01,-1.0521e-01,-9.5496e-02,-8.6408e-02,-7.7862e-02,-6.9770e-02,-6.2048e-02,-5.4619e-02,-4.7418e-02,-4.0393e-02,-3.3500e-02,-2.6710e-02,-1.9999e-02,-1.3352e-02,-6.7610e-03,-2.2047e-04
2.2379e-02,-3.6710e-03,-2.9401e-02,-5.5082e-02,-8.0897e-02,-1.0695e-01,-1.3330e-01,-1.5993e-01,-1.8678e-01,-2.1374e-01,-2.4061e-01,-2.6718e-01,-2.9322e-01,-3.1852e-01,-3.4295e-01,-3.6639e-01,-3.8883e-01,-4.1027e-01,-4.3078e-01,-4.5043e-01,-4.6930e-01,-4.8749e-01,-5.0508e-01,-5.2214e-01,-5.3872e-01,-5.5487e-01,-5.7062e-01,-5.8598e-01,-6.0096e-01,-6.1554e-01,-6.2971e-01,-6.4343e-01,-6.5665e-01,-6.6933e-01,-6.8140e-01,-6.9280e-01,-7.0344e-01,-7.1327e-01,-7.2222e-01,-7.3021e-01,-7.3721e-01,-7.4320e-01,-7.4820e-01,-7.5232e-01,-7.5574e-01,-7.5876e-01,-7.6181e-01,-7.6523e-01,-7.6915e-01,-7.7320e-01,-7.7697e-01,-7.8139e-01,-7.8904e-01,-7.9982e-01,-8.0584e-01,-7.9513e-01,-7.6272e-01,-7.1794e-01,-6.7682e-01,-6.4427e-01,-6.1315e-01,-5.8029e-01,-5.4881e-01,-5.2145e-01,-4.9818e-01,-4.7723e-01,-4.5647e-01,-4.3449e-01,-4.1096e-01,-3.8645e-01,-3.6190e-01,-3.3812e-01,-3.1561e-01,-2.9449e-01,-2.7472e-01,-2.5613e-01,-2.3852e-01,-2.2174e-01,-2.0568e-01,-1.9027e-01,-1.7554e-01,-1.6151e-01,-1.4823e-01,-1.3575e-01,-1.2408e-01,-1.1322e-01,-1.0312e-01,-9.3728e-02,-8.4951e-02,-7.6704e-02,-6.8896e-02,-6.1443e-02,-5.4269e-02,-4.7307e-02,-4.0506e-02,-3.3824e-02,-2.7230e-02,-2.0703e-02,-1.4228e-02,-7.7994e-03
2.4768e-02,-1.0311e-03,-2.6393e-02,-5.1615e-02,-7.6903e-02,-1.0239e-01,-1.2815e-01,-1.5420e-01,-1.8049e-01,-2.0694e-01,-2.3337e-01,-2.5957e-01,-2.8533e-01,-3.1042e-01,-3.3469e-01,-3.5802e-01,-3.8036e-01,-4.0172e-01,-4.2214e-01,-4.4169e-01,-4.6046e-01,-4.7854e-01,-4.9600e-01,-5.1292e-01,-5.2936e-01,-5.4536e-01,-5.6097e-01,-5.7620e-01,-5.9106e-01,-6.0553e-01,-6.1961e-01,-6.3326e-01,-6.4644e-01,-6.5912e-01,-6.7124e-01,-6.8273e-01,-6.9353e-01,-7.0357e-01,-7.1280e-01,-7.2115e-01,-7.2856e-01,-7.3501e-01,-7.4047e-01,-7.4500e-01,-7.4869e-01,-7.5172e-01,-7.5442e-01,-7.5717e-01,-7.6035e-01,-7.6403e-01,-7.6784e-01,-7.7137e-01,-7.7547e-01,-7.8274e-01,-7.9318e-01,-7.9908e-01,-7.8851e-01,-7.5624e-01,-7.1132e-01,-6.6986e-01,-6.3717e-01,-6.0610e-01,-5.7314e-01,-5.4138e-01,-5.1372e-01,-4.9031e-01,-4.6946e-01,-4.4902e-01,-4.2746e-01,-4.0434e-01,-3.8015e-01,-3.5583e-01,-3.3222e-01,-3.0983e-01,-2.8885e-01,-2.6923e-01,-2.5081e-01,-2.3340e-01,-2.1683e-01,-2.0101e-01,-1.8587e-01,-1.7142e-01,-1.5770e-01,-1.4474e-01,-1.3259e-01,-1.2125e-01,-1.1072e-01,-1.0095e-01,-9.1878e-02,-8.3411e-02,-7.5461e-02,-6.7937e-02,-6.0754e-02,-5.3834e-02,-4.7113e-02,-4.0537e-02,-3.4066e-02,-2.7669e-02,-2.1326e-02,-1.5024e-02
2.6944e-02,1.3405e-03,-2.3700e-02,-4.8501e-02,-7.3292e-02,-9.8232e-02,-1.2341e-01,-1.4888e-01,-1.7461e-01,-2.0054e-01,-2.2650e-01,-2.5232e-01,-2.7777e-01,-3.0263e-01,-3.2673e-01,-3.4993e-01,-3.7218e-01,-3.9346e-01,-4.1381e-01,-4.3328e-01,-4.5196e-01,-4.6993e-01,-4.8727e-01,-5.0407e-01,-5.2038e-01,-5.3625e-01,-5.5173e-01,-5.6683e-01,-5.8157e-01,-5.9594e-01,-6.0992e-01,-6.2350e-01,-6.3665e-01,-6.4931e-01,-6.6145e-01,-6.7300e-01,-6.8392e-01,-6.9414e-01,-7.0360e-01,-7.1224e-01,-7.2002e-01,-7.2688e-01,-7.3280e-01,-7.3778e-01,-7.4186e-01,-7.4515e-01,-7.4784e-01,-7.5024e-01,-7.5273e-01,-7.5566e-01,-7.5912e-01,-7.6271e-01,-7.6599e-01,-7.6978e-01,-7.7665e-01,-7.8674e-01,-7.9252e-01,-7.8209e-01,-7.4997e-01,-7.0491e-01,-6.6311e-01,-6.3027e-01,-5.9927e-01,-5.6624e-01,-5.3417e-01,-5.0617e-01,-4.8258e-01,-4.6177e-01,-4.4159e-01,-4.2042e-01,-3.9768e-01,-3.7380e-01,-3.4969e-01,-3.2623e-01,-3.0397e-01,-2.8313e-01,-2.6366e-01,-2.4541e-01,-2.2819e-01,-2.1185e-01,-1.9627e-01,-1.8140e-01,-1.6724e-01,-1.5382e-01,-1.4118e-01,-1.2935e-01,-1.1835e-01,-1.0815e-01,-9.8705e-02,-8.9946e-02,-8.1786e-02,-7.4132e-02,-6.6892e-02,-5.9978e-02,-5.3314e-02,-4.6833e-02,-4.0484e-02,-3.4224e-02,-2.8026e-02,-2.1868e-02
2.8932e-02,3.4685e-03,-2.1300e-02,-4.5720e-02,-7.0049e-02,-9.4465e-02,-1.1909e-01,-1.4398e-01,-1.6914e-01,-1.9453e-01,-2.2002e-01,-2.4543e-01,-2.7054e-01,-2.9516e-01,-3.1907e-01,-3.4214e-01,-3.6429e-01,-3.8550e-01,-4.0577e-01,-4.2517e-01,-4.4376e-01,-4.6164e-01,-4.7889e-01,-4.9557e-01,-5.1176e-01,-5.2752e-01,-5.4288e-01,-5.5786e-01,-5.7249e-01,-5.8675e-01,-6.0065e-01,-6.1416e-01,-6.2726e-01,-6.3990e-01,-6.5204e-01,-6.6364e-01,-6.7464e-01,-6.8500e-01,-6.9465e-01,-7.0354e-01,-7.1162e-01,-7.1884e-01,-7.2518e-01,-7.3061e-01,-7.3514e-01,-7.3881e-01,-7.4174e-01,-7.4411e-01,-7.4623e-01,-7.4848e-01,-7.5119e-01,-7.5444e-01,-7.5781e-01,-7.6084e-01,-7.6432e-01,-7.7079e-01,-7.8051e-01,-7.8616e-01,-7.7587e-01,-7.4391e-01,-6.9872e-01,-6.5657e-01,-6.2359e-01,-5.9267e-01,-5.5959e-01,-5.2722e-01,-4.9884e-01,-4.7500e-01,-4.5417e-01,-4.3420e-01,-4.1338e-01,-3.9101e-01,-3.6742e-01,-3.4351e-01,-3.2018e-01,-2.9803e-01,-2.7731e-01,-2.5799e-01,-2.3992e-01,-2.2291e-01,-2.0680e-01,-1.9147e-01,-1.7687e-01,-1.6300e-01,-1.4988e-01,-1.3756e-01,-1.2605e-01,-1.1538e-01,-1.0550e-01,-9.6376e-02,-8.7932e-02,-8.0077e-02,-7.2717e-02,-6.5759e-02,-5.9114e-02,-5.2705e-02,-4.6466e-02,-4.0344e-02,-3.4298e-02,-2.8299e-02
3.0760e-02,5.3775e-03,-1.9170e-02,-4.3254e-02,-6.7155e-02,-9.1077e-02,-1.1516e-01,-1.3948e-01,-1.6408e-01,-1.8893e-01,-2.1392e-01,-2.3889e-01,-2.6366e-01,-2.8800e-01,-3.1171e-01,-3.3463e-01,-3.5668e-01,-3.7781e-01,-3.9801e-01,-4.1734e-01,-4.3587e-01,-4.5367e-01,-4.7082e-01,-4.8741e-01,-5.0350e-01,-5.1914e-01,-5.3439e-01,-5.4927e-01,-5.6379e-01,-5.7796e-01,-5.9178e-01,-6.0522e-01,-6.1826e-01,-6.3088e-01,-6.4302e-01,-6.5465e-01,-6.6572e-01,-6.7618e-01,-6.8598e-01,-6.9507e-01,-7.0341e-01,-7.1095e-01,-7.1765e-01,-7.2349e-01,-7.2846e-01,-7.3257e-01,-7.3586e-01,-7.3846e-01,-7.4054e-01,-7.4241e-01,-7.4443e-01,-7.4695e-01,-7.4999e-01,-7.5316e-01,-7.5594e-01,-7.5909e-01,-7.6516e-01,-7.7451e-01,-7.8002e-01,-7.6987e-01,-7.3808e-01,-6.9276e-01,-6.5025e-01,-6.1712e-01,-5.8632e-01,-5.5320e-01,-5.2051e-01,-4.9173e-01,-4.6759e-01,-4.4669e-01,-4.2688e-01,-4.0636e-01,-3.8433e-01,-3.6102e-01,-3.3729e-01,-3.1408e-01,-2.9203e-01,-2.7142e-01,-2.5224e-01,-2.3434e-01,-2.1754e-01,-2.0166e-01,-1.8659e-01,-1.7227e-01,-1.5869e-01,-1.4588e-01,-1.3387e-01,-1.2268e-01,-1.1233e-01,-1.0277e-01,-9.3967e-02,-8.5833e-02,-7.8280e-02,-7.1213e-02,-6.4535e-02,-5.8159e-02,-5.2006e-02,-4.6009e-02,-4.0115e-02,-3.4284e-02
3.2455e-02,7.0939e-03,-1.7287e-02,-4.1081e-02,-6.4594e-02,-8.8050e-02,-1.1161e-01,-1.3538e-01,-1.5942e-01,-1.8372e-01,-2.0820e-01,-2.3273e-01,-2.5712e-01,-2.8115e-01,-3.0464e-01,-3.2741e-01,-3.4934e-01,-3.7039e-01,-3.9053e-01,-4.0980e-01,-4.2826e-01,-4.4599e-01,-4.6307e-01,-4.7957e-01,-4.9556e-01,-5.1111e-01,-5.2625e-01,-5.4103e-01,-5.5546e-01,-5.6955e-01,-5.8329e-01,-5.9667e-01,-6.0966e-01,-6.2225e-01,-6.3438e-01,-6.4603e-01,-6.5715e-01,-6.6769e-01,-6.7762e-01,-6.8688e-01,-6.9543e-01,-7.0323e-01,-7.1025e-01,-7.1646e-01,-7.2183e-01,-7.2637e-01,-7.3009e-01,-7.3304e-01,-7.3532e-01,-7.3714e-01,-7.3878e-01,-7.4060e-01,-7.4293e-01,-7.4578e-01,-7.4874e-01,-7.5128e-01,-7.5411e-01,-7.5976e-01,-7.6873e-01,-7.7410e-01,-7.6409e-01,-7.3247e-01,-6.8703e-01,-6.4415e-01,-6.1087e-01,-5.8020e-01,-5.4707e-01,-5.1408e-01,-4.8485e-01,-4.6037e-01,-4.3935e-01,-4.1964e-01,-3.9938e-01,-3.7766e-01,-3.5462e-01,-3.3106e-01,-3.0795e-01,-2.8597e-01,-2.6545e-01,-2.4641e-01,-2.2868e-01,-2.1209e-01,-1.9645e-01,-1.8164e-01,-1.6760e-01,-1.5432e-01,-1.4181e-01,-1.3011e-01,-1.1924e-01,-1.0921e-01,-9.9970e-02,-9.1477e-02,-8.3650e-02,-7.6397e-02,-6.9620e-02,-6.3221e-02,-5.7113e-02,-5.1214e-02,-4.5460e-02,-3.9795e-02
3.4047e-02,8.6429e-03,-1.5626e-02,-3.9180e-02,-6.2345e-02,-8.5370e-02,-1.0844e-01,-1.3168e-01,-1.5516e-01,-1.7891e-01,-2.0287e-01,-2.2693e-01,-2.5092e-01,-2.7463e-01,-2.9788e-01,-3.2047e-01,-3.4228e-01,-3.6323e-01,-3.8330e-01,-4.0252e-01,-4.2093e-01,-4.3860e-01,-4.5560e-01,-4.7203e-01,-4.8794e-01,-5.0340e-01,-5.1845e-01,-5.3314e-01,-5.4749e-01,-5.6149e-01,-5.7516e-01,-5.8849e-01,-6.0144e-01,-6.1400e-01,-6.2612e-01,-6.3779e-01,-6.4894e-01,-6.5956e-01,-6.6958e-01,-6.7898e-01,-6.8770e-01,-6.9573e-01,-7.0302e-01,-7.0954e-01,-7.1528e-01,-7.2022e-01,-7.2436e-01,-7.2771e-01,-7.3034e-01,-7.3235e-01,-7.3392e-01,-7.3535e-01,-7.3699e-01,-7.3913e-01,-7.4181e-01,-7.4457e-01,-7.4686e-01,-7.4937e-01,-7.5460e-01,-7.6318e-01,-7.6841e-01,-7.5854e-01,-7.2710e-01,-6.8154e-01,-6.3827e-01,-6.0484e-01,-5.7432e-01,-5.4121e-01,-5.0791e-01,-4.7823e-01,-4.5336e-01,-4.3215e-01,-4.1249e-01,-3.9246e-01,-3.7103e-01,-3.4823e-01,-3.2483e-01,-3.0180e-01,-2.7988e-01,-2.5943e-01,-2.4050e-01,-2.2294e-01,-2.0655e-01,-1.9115e-01,-1.7661e-01,-1.6286e-01,-1.4987e-01,-1.3767e-01,-1.2629e-01,-1.1574e-01,-1.0601e-01,-9.7091e-02,-8.8907e-02,-8.1384e-02,-7.4426e-02,-6.7936e-02,-6.1814e-02,-5.5972e-02,-5.0329e-02,-4.4817e-02
3.5566e-02,1.0052e-02,-1.4164e-02,-3.7527e-02,-6.0388e-02,-8.3019e-02,-1.0562e-01,-1.2835e-01,-1.5129e-01,-1.7449e-01,-1.9792e-01,-2.2150e-01,-2.4507e-01,-2.6844e-01,-2.9141e-01,-3.1381e-01,-3.3548e-01,-3.5633e-01,-3.7634e-01,-3.9550e-01,-4.1385e-01,-4.3147e-01,-4.4842e-01,-4.6478e-01,-4.8062e-01,-4.9600e-01,-5.1097e-01,-5.2558e-01,-5.3985e-01,-5.5378e-01,-5.6739e-01,-5.8066e-01,-5.9358e-01,-6.0611e-01,-6.1823e-01,-6.2991e-01,-6.4110e-01,-6.5177e-01,-6.6188e-01,-6.7139e-01,-6.8027e-01,-6.8848e-01,-6.9600e-01,-7.0279e-01,-7.0884e-01,-7.1414e-01,-7.1867e-01,-7.2244e-01,-7.2546e-01,-7.2779e-01,-7.2954e-01,-7.3089e-01,-7.3213e-01,-7.3359e-01,-7.3558e-01,-7.3808e-01,-7.4064e-01,-7.4269e-01,-7.4487e-01,-7.4969e-01,-7.5788e-01,-7.6294e-01,-7.5321e-01,-7.2196e-01,-6.7629e-01,-6.3262e-01,-5.9902e-01,-5.6868e-01,-5.3562e-01,-5.0203e-01,-4.7186e-01,-4.4656e-01,-4.2511e-01,-4.0546e-01,-3.8562e-01,-3.6445e-01,-3.4187e-01,-3.1861e-01,-2.9564e-01,-2.7375e-01,-2.5336e-01,-2.3452e-01,-2.1711e-01,-2.0093e-01,-1.8577e-01,-1.7150e-01,-1.5804e-01,-1.4535e-01,-1.3346e-01,-1.2239e-01,-1.1216e-01,-1.0275e-01,-9.4134e-02,-8.6256e-02,-7.9032e-02,-7.2367e-02,-6.6161e-02,-6.0315e-02,-5.4737e-02,-4.9347e-02
3.7042e-02,1.1350e-02,-1.2874e-02,-3.6101e-02,-5.8704e-02,-8.0979e-02,-1.0315e-01,-1.2538e-01,-1.4780e-01,-1.7045e-01,-1.9335e-01,-2.1644e-01,-2.3957e-01,-2.6257e-01,-2.8526e-01,-3.0743e-01,-3.2895e-01,-3.4969e-01,-3.6962e-01,-3.8873e-01,-4.0703e-01,-4.2460e-01,-4.4150e-01,-4.5780e-01,-4.7357e-01,-4.8889e-01,-5.0379e-01,-5.1833e-01,-5.3253e-01,-5.4640e-01,-5.5996e-01,-5.7318e-01,-5.8606e-01,-5.9858e-01,-6.1070e-01,-6.2238e-01,-6.3361e-01,-6.4433e-01,-6.5451e-01,-6.6413e-01,-6.7313e-01,-6.8151e-01,-6.8922e-01,-6.9624e-01,-7.0257e-01,-7.0818e-01,-7.1306e-01,-7.1720e-01,-7.2062e-01,-7.2334e-01,-7.2540e-01,-7.2691e-01,-7.2806e-01,-7.2912e-01,-7.3043e-01,-7.3225e-01,-7.3459e-01,-7.3695e-01,-7.3877e-01,-7.4063e-01,-7.4502e-01,-7.5281e-01,-7.5771e-01,-7.4812e-01,-7.1706e-01,-6.7127e-01,-6.2721e-01,-5.9343e-01,-5.6328e-01,-5.3030e-01,-4.9643e-01,-4.6576e-01,-4.3998e-01,-4.1826e-01,-3.9856e-01,-3.7886e-01,-3.5792e-01,-3.3556e-01,-3.1243e-01,-2.8950e-01,-2.6762e-01,-2.4725e-01,-2.2849e-01,-2.1122e-01,-1.9523e-01,-1.8031e-01,-1.6631e-01,-1.5314e-01,-1.4076e-01,-1.2919e-01,-1.1843e-01,-1.0850e-01,-9.9406e-02,-9.1100e-02,-8.3524e-02,-7.6596e-02,-7.0220e-02,-6.4294e-02,-5.8720e-02,-5.3406e-02
3.8509e-02,1.2565e-02,-1.1730e-02,-3.4876e-02,-5.7270e-02,-7.9230e-02,-1.0100e-01,-1.2277e-01,-1.4467e-01,-1.6680e-01,-1.8917e-01,-2.1175e-01,-2.3443e-01,-2.5704e-01,-2.7941e-01,-3.0135e-01,-3.2269e-01,-3.4331e-01,-3.6315e-01,-3.8220e-01,-4.0046e-01,-4.1798e-01,-4.3483e-01,-4.5108e-01,-4.6680e-01,-4.8206e-01,-4.9690e-01,-5.1137e-01,-5.2551e-01,-5.3933e-01,-5.5284e-01,-5.6602e-01,-5.7888e-01,-5.9138e-01,-6.0350e-01,-6.1521e-01,-6.2646e-01,-6.3723e-01,-6.4749e-01,-6.5719e-01,-6.6631e-01,-6.7483e-01,-6.8271e-01,-6.8993e-01,-6.9649e-01,-7.0237e-01,-7.0755e-01,-7.1204e-01,-7.1583e-01,-7.1893e-01,-7.2136e-01,-7.2317e-01,-7.2447e-01,-7.2543e-01,-7.2633e-01,-7.2748e-01,-7.2916e-01,-7.3134e-01,-7.3352e-01,-7.3509e-01,-7.3663e-01,-7.4061e-01,-7.4799e-01,-7.5272e-01,-7.4325e-01,-7.1240e-01,-6.6650e-01,-6.2202e-01,-5.8805e-01,-5.5811e-01,-5.2525e-01,-4.9111e-01,-4.5993e-01,-4.3364e-01,-4.1158e-01,-3.9179e-01,-3.7220e-01,-3.5147e-01,-3.2931e-01,-3.0629e-01,-2.8339e-01,-2.6149e-01,-2.4112e-01,-2.2240e-01,-2.0525e-01,-1.8944e-01,-1.7476e-01,-1.6104e-01,-1.4816e-01,-1.3609e-01,-1.2483e-01,-1.1439e-01,-1.0478e-01,-9.5990e-02,-8.7988e-02,-8.0711e-02,-7.4075e-02,-6.7983e-02,-6.2335e-02,-5.7031e-02
3.9998e-02,1.3728e-02,-1.0706e-02,-3.3828e-02,-5.6064e-02,-7.7753e-02,-9.9162e-02,-1.2050e-01,-1.4191e-01,-1.6352e-01,-1.8537e-01,-2.0743e-01,-2.2964e-01,-2.5185e-01,-2.7388e-01,-2.9555e-01,-3.1670e-01,-3.3718e-01,-3.5693e-01,-3.7590e-01,-3.9411e-01,-4.1160e-01,-4.2841e-01,-4.4462e-01,-4.6029e-01,-4.7549e-01,-4.9028e-01,-5.0470e-01,-5.1878e-01,-5.3255e-01,-5.4602e-01,-5.5918e-01,-5.7201e-01,-5.8451e-01,-5.9663e-01,-6.0836e-01,-6.1965e-01,-6.3047e-01,-6.4080e-01,-6.5059e-01,-6.5981e-01,-6.6845e-01,-6.7648e-01,-6.8388e-01,-6.9064e-01,-6.9675e-01,-7.0220e-01,-7.0699e-01,-7.1111e-01,-7.1457e-01,-7.1737e-01,-7.1954e-01,-7.2112e-01,-7.2222e-01,-7.2300e-01,-7.2375e-01,-7.2477e-01,-7.2631e-01,-7.2833e-01,-7.3032e-01,-7.3166e-01,-7.3288e-01,-7.3644e-01,-7.4342e-01,-7.4796e-01,-7.3862e-01,-7.0797e-01,-6.6196e-01,-6.1706e-01,-5.8289e-01,-5.5316e-01,-5.2046e-01,-4.8607e-01,-4.5437e-01,-4.2754e-01,-4.0511e-01,-3.8517e-01,-3.6565e-01,-3.4511e-01,-3.2313e-01,-3.0022e-01,-2.7733e-01,-2.5539e-01,-2.3498e-01,-2.1628e-01,-1.9922e-01,-1.8358e-01,-1.6913e-01,-1.5568e-01,-1.4310e-01,-1.3135e-01,-1.2040e-01,-1.1028e-01,-1.0098e-01,-9.2498e-02,-8.4798e-02,-7.7815e-02,-7.1468e-02,-6.5658e-02,-6.0284e-02
4.1546e-02,1.4868e-02,-9.7735e-03,-3.2933e-02,-5.5063e-02,-7.6527e-02,-9.7613e-02,-1.1855e-01,-1.3950e-01,-1.6061e-01,-1.8193e-01,-2.0349e-01,-2.2521e-01,-2.4700e-01,-2.6867e-01,-2.9005e-01,-3.1098e-01,-3.3131e-01,-3.5095e-01,-3.6985e-01,-3.8800e-01,-4.0544e-01,-4.2222e-01,-4.3839e-01,-4.5402e-01,-4.6918e-01,-4.8392e-01,-4.9829e-01,-5.1233e-01,-5.2606e-01,-5.3949e-01,-5.5262e-01,-5.6544e-01,-5.7793e-01,-5.9007e-01,-6.0182e-01,-6.1316e-01,-6.2404e-01,-6.3443e-01,-6.4431e-01,-6.5363e-01,-6.6239e-01,-6.7056e-01,-6.7811e-01,-6.8505e-01,-6.9136e-01,-6.9704e-01,-7.0208e-01,-7.0650e-01,-7.1028e-01,-7.1343e-01,-7.1595e-01,-7.1788e-01,-7.1925e-01,-7.2016e-01,-7.2079e-01,-7.2139e-01,-7.2228e-01,-7.2368e-01,-7.2556e-01,-7.2737e-01,-7.2848e-01,-7.2937e-01,-7.3252e-01,-7.3910e-01,-7.4345e-01,-7.3423e-01,-7.0378e-01,-6.5767e-01,-6.1234e-01,-5.7793e-01,-5.4844e-01,-5.1593e-01,-4.8132e-01,-4.4909e-01,-4.2169e-01,-3.9883e-01,-3.7871e-01,-3.5922e-01,-3.3883e-01,-3.1703e-01,-2.9421e-01,-2.7133e-01,-2.4932e-01,-2.2885e-01,-2.1014e-01,-1.9315e-01,-1.7766e-01,-1.6342e-01,-1.5023e-01,-1.3795e-01,-1.2651e-01,-1.1589e-01,-1.0608e-01,-9.7102e-02,-8.8928e-02,-8.1528e-02,-7.4837e-02,-6.8775e-02,-6.3243e-02
4.3190e-02,1.6019e-02,-8.9031e-03,-3.2164e-02,-5.4244e-02,-7.5530e-02,-9.6334e-02,-1.1690e-01,-1.3742e-01,-1.5805e-01,-1.7886e-01,-1.9991e-01,-2.2115e-01,-2.4249e-01,-2.6378e-01,-2.8485e-01,-3.0554e-01,-3.2569e-01,-3.4521e-01,-3.6402e-01,-3.8212e-01,-3.9952e-01,-4.1625e-01,-4.3239e-01,-4.4798e-01,-4.6310e-01,-4.7781e-01,-4.9214e-01,-5.0614e-01,-5.1983e-01,-5.3323e-01,-5.4634e-01,-5.5916e-01,-5.7165e-01,-5.8381e-01,-5.9559e-01,-6.0697e-01,-6.1791e-01,-6.2838e-01,-6.3834e-01,-6.4777e-01,-6.5664e-01,-6.6493e-01,-6.7263e-01,-6.7973e-01,-6.8622e-01,-6.9210e-01,-6.9737e-01,-7.0203e-01,-7.0610e-01,-7.0956e-01,-7.1242e-01,-7.1469e-01,-7.1639e-01,-7.1756e-01,-7.1830e-01,-7.1878e-01,-7.1925e-01,-7.2001e-01,-7.2130e-01,-7.2303e-01,-7.2466e-01,-7.2553e-01,-7.2611e-01,-7.2885e-01,-7.3502e-01,-7.3917e-01,-7.3006e-01,-6.9983e-01,-6.5362e-01,-6.0784e-01,-5.7318e-01,-5.4393e-01,-5.1166e-01,-4.7686e-01,-4.4409e-01,-4.1609e-01,-3.9277e-01,-3.7242e-01,-3.5292e-01,-3.3266e-01,-3.1102e-01,-2.8829e-01,-2.6540e-01,-2.4331e-01,-2.2274e-01,-2.0399e-01,-1.8703e-01,-1.7166e-01,-1.5763e-01,-1.4470e-01,-1.3272e-01,-1.2159e-01,-1.1129e-01,-1.0181e-01,-9.3145e-02,-8.5279e-02,-7.8176e-02,-7.1776e-02,-6.5995e-02
4.4968e-02,1.7213e-02,-8.0661e-03,-3.1494e-02,-5.3581e-02,-7.4741e-02,-9.5306e-02,-1.1554e-01,-1.3566e-01,-1.5583e-01,-1.7615e-01,-1.9669e-01,-2.1744e-01,-2.3832e-01,-2.5921e-01,-2.7996e-01,-3.0038e-01,-3.2034e-01,-3.3972e-01,-3.5843e-01,-3.7646e-01,-3.9381e-01,-4.1051e-01,-4.2661e-01,-4.4217e-01,-4.5726e-01,-4.7193e-01,-4.8622e-01,-5.0019e-01,-5.1385e-01,-5.2723e-01,-5.4033e-01,-5.5314e-01,-5.6564e-01,-5.7782e-01,-5.8964e-01,-6.0107e-01,-6.1208e-01,-6.2262e-01,-6.3268e-01,-6.4221e-01,-6.5119e-01,-6.5961e-01,-6.6745e-01,-6.7470e-01,-6.8135e-01,-6.8741e-01,-6.9287e-01,-6.9776e-01,-7.0206e-01,-7.0580e-01,-7.0896e-01,-7.1156e-01,-7.1359e-01,-7.1507e-01,-7.1606e-01,-7.1664e-01,-7.1698e-01,-7.1732e-01,-7.1797e-01,-7.1914e-01,-7.2073e-01,-7.2219e-01,-7.2283e-01,-7.2310e-01,-7.2543e-01,-7.3119e-01,-7.3514e-01,-7.2613e-01,-6.9610e-01,-6.4981e-01,-6.0356e-01,-5.6863e-01,-5.3963e-01,-5.0762e-01,-4.7267e-01,-4.3937e-01,-4.1074e-01,-3.8692e-01,-3.6630e-01,-3.4675e-01,-3.2660e-01,-3.0511e-01,-2.8247e-01,-2.5955e-01,-2.3737e-01,-2.1668e-01,-1.9785e-01,-1.8089e-01,-1.6562e-01,-1.5176e-01,-1.3908e-01,-1.2739e-01,-1.1659e-01,-1.0661e-01,-9.7455e-02,-8.9106e-02,-8.1548e-02,-7.4743e-02,-6.8631e-02
4.6921e-02,1.8486e-02,-7.2319e-03,-3.0896e-02,-5.3050e-02,-7.4136e-02,-9.4509e-02,-1.1445e-01,-1.3420e-01,-1.5393e-01,-1.7378e-01,-1.9383e-01,-2.1408e-01,-2.3450e-01,-2.5498e-01,-2.7537e-01,-2.9551e-01,-3.1525e-01,-3.3447e-01,-3.5307e-01,-3.7102e-01,-3.8832e-01,-4.0497e-01,-4.2104e-01,-4.3658e-01,-4.5163e-01,-4.6627e-01,-4.8054e-01,-4.9448e-01,-5.0812e-01,-5.2148e-01,-5.3456e-01,-5.4737e-01,-5.5989e-01,-5.7210e-01,-5.8396e-01,-5.9545e-01,-6.0652e-01,-6.1715e-01,-6.2730e-01,-6.3694e-01,-6.4605e-01,-6.5459e-01,-6.6257e-01,-6.6996e-01,-6.7676e-01,-6.8298e-01,-6.8863e-01,-6.9370e-01,-6.9822e-01,-7.0219e-01,-7.0561e-01,-7.0849e-01,-7.1084e-01,-7.1265e-01,-7.1394e-01,-7.1475e-01,-7.1518e-01,-7.1539e-01,-7.1562e-01,-7.1616e-01,-7.1721e-01,-7.1867e-01,-7.1996e-01,-7.2037e-01,-7.2033e-01,-7.2226e-01,-7.2761e-01,-7.3134e-01,-7.2243e-01,-6.9261e-01,-6.4623e-01,-5.9951e-01,-5.6427e-01,-5.3552e-01,-5.0383e-01,-4.6875e-01,-4.3493e-01,-4.0566e-01,-3.8130e-01,-3.6036e-01,-3.4073e-01,-3.2066e-01,-2.9930e-01,-2.7674e-01,-2.5381e-01,-2.3151e-01,-2.1068e-01,-1.9173e-01,-1.7474e-01,-1.5953e-01,-1.4583e-01,-1.3338e-01,-1.2198e-01,-1.1149e-01,-1.0184e-01,-9.3011e-02,-8.4981e-02,-7.7733e-02,-7.1226e-02
4.9091e-02,1.9875e-02,-6.3677e-03,-3.0341e-02,-5.2626e-02,-7.3692e-02,-9.3920e-02,-1.1362e-01,-1.3303e-01,-1.5236e-01,-1.7175e-01,-1.9131e-01,-2.1108e-01,-2.3103e-01,-2.5108e-01,-2.7110e-01,-2.9093e-01,-3.1043e-01,-3.2947e-01,-3.4795e-01,-3.6581e-01,-3.8304e-01,-3.9965e-01,-4.1568e-01,-4.3119e-01,-4.4622e-01,-4.6083e-01,-4.7507e-01,-4.8899e-01,-5.0260e-01,-5.1595e-01,-5.2903e-01,-5.4185e-01,-5.5438e-01,-5.6662e-01,-5.7853e-01,-5.9008e-01,-6.0123e-01,-6.1195e-01,-6.2221e-01,-6.3196e-01,-6.4119e-01,-6.4986e-01,-6.5797e-01,-6.6551e-01,-6.7246e-01,-6.7884e-01,-6.8465e-01,-6.8989e-01,-6.9460e-01,-6.9877e-01,-7.0241e-01,-7.0555e-01,-7.0817e-01,-7.1028e-01,-7.1188e-01,-7.1299e-01,-7.1364e-01,-7.1392e-01,-7.1401e-01,-7.1413e-01,-7.1456e-01,-7.1551e-01,-7.1684e-01,-7.1796e-01,-7.1814e-01,-7.1780e-01,-7.1933e-01,-7.2427e-01,-7.2778e-01,-7.1896e-01,-6.8935e-01,-6.4288e-01,-5.9568e-01,-5.6011e-01,-5.3161e-01,-5.0027e-01,-4.6511e-01,-4.3078e-01,-4.0083e-01,-3.7590e-01,-3.5460e-01,-3.3485e-01,-3.1484e-01,-2.9360e-01,-2.7113e-01,-2.4817e-01,-2.2575e-01,-2.0475e-01,-1.8566e-01,-1.6859e-01,-1.5341e-01,-1.3984e-01,-1.2761e-01,-1.1648e-01,-1.0630e-01,-9.6978e-02,-8.8477e-02,-8.0770e-02,-7.3832e-02
5.1524e-02,2.1417e-02,-5.4407e-03,-2.9801e-02,-5.2282e-02,-7.3385e-02,-9.3518e-02,-1.1301e-01,-1.3212e-01,-1.5108e-01,-1.7004e-01,-1.8914e-01,-2.0842e-01,-2.2790e-01,-2.4751e-01,-2.6714e-01,-2.8665e-01,-3.0589e-01,-3.2473e-01,-3.4306e-01,-3.6081e-01,-3.7797e-01,-3.9453e-01,-4.1053e-01,-4.2600e-01,-4.4101e-01,-4.5559e-01,-4.6981e-01,-4.8371e-01,-4.9731e-01,-5.1065e-01,-5.2373e-01,-5.3655e-01,-5.4910e-01,-5.6138e-01,-5.7334e-01,-5.8495e-01,-5.9619e-01,-6.0701e-01,-6.1737e-01,-6.2724e-01,-6.3660e-01,-6.4541e-01,-6.5366e-01,-6.6134e-01,-6.6845e-01,-6.7498e-01,-6.8094e-01,-6.8635e-01,-6.9122e-01,-6.9557e-01,-6.9941e-01,-7.0276e-01,-7.0562e-01,-7.0799e-01,-7.0988e-01,-7.1129e-01,-7.1222e-01,-7.1272e-01,-7.1287e-01,-7.1283e-01,-7.1285e-01,-7.1319e-01,-7.1403e-01,-7.1523e-01,-7.1618e-01,-7.1615e-01,-7.1551e-01,-7.1665e-01,-7.2118e-01,-7.2445e-01,-7.1571e-01,-6.8632e-01,-6.3977e-01,-5.9207e-01,-5.5614e-01,-5.2787e-01,-4.9693e-01,-4.6173e-01,-4.2690e-01,-3.9628e-01,-3.7074e-01,-3.4904e-01,-3.2913e-01,-3.0915e-01,-2.8802e-01,-2.6563e-01,-2.4265e-01,-2.2011e-01,-1.9891e-01,-1.7964e-01,-1.6247e-01,-1.4727e-01,-1.3380e-01,-1.2176e-01,-1.1089e-01,-1.0102e-01,-9.2022e-02,-8.3851e-02,-7.6468e-02
5.4266e-02,2.3154e-02,-4.4159e-03,-2.9244e-02,-5.1990e-02,-7.3191e-02,-9.3280e-02,-1.1261e-01,-1.3147e-01,-1.5008e-01,-1.6864e-01,-1.8729e-01,-2.0611e-01,-2.2511e-01,-2.4428e-01,-2.6350e-01,-2.8266e-01,-3.0162e-01,-3.2024e-01,-3.3841e-01,-3.5604e-01,-3.7312e-01,-3.8962e-01,-4.0557e-01,-4.2102e-01,-4.3599e-01,-4.5056e-01,-4.6476e-01,-4.7864e-01,-4.9222e-01,-5.0555e-01,-5.1863e-01,-5.3146e-01,-5.4404e-01,-5.5635e-01,-5.6837e-01,-5.8005e-01,-5.9137e-01,-6.0229e-01,-6.1277e-01,-6.2277e-01,-6.3227e-01,-6.4123e-01,-6.4963e-01,-6.5746e-01,-6.6472e-01,-6.7140e-01,-6.7752e-01,-6.8308e-01,-6.8811e-01,-6.9261e-01,-6.9663e-01,-7.0016e-01,-7.0322e-01,-7.0582e-01,-7.0797e-01,-7.0965e-01,-7.1087e-01,-7.1164e-01,-7.1199e-01,-7.1201e-01,-7.1186e-01,-7.1178e-01,-7.1203e-01,-7.1277e-01,-7.1385e-01,-7.1464e-01,-7.1438e-01,-7.1345e-01,-7.1421e-01,-7.1833e-01,-7.2136e-01,-7.1268e-01,-6.8350e-01,-6.3689e-01,-5.8868e-01,-5.5234e-01,-5.2431e-01,-4.9379e-01,-4.5860e-01,-4.2330e-01,-3.9198e-01,-3.6580e-01,-3.4366e-01,-3.2356e-01,-3.0358e-01,-2.8255e-01,-2.6024e-01,-2.3725e-01,-2.1458e-01,-1.9318e-01,-1.7370e-01,-1.5638e-01,-1.4114e-01,-1.2773e-01,-1.1585e-01,-1.0522e-01,-9.5643e-02,-8.6972e-02,-7.9131e-02
5.7365e-02,2.5126e-02,-3.2582e-03,-2.8641e-02,-5.1724e-02,-7.3084e-02,-9.3183e-02,-1.1240e-01,-1.3104e-01,-1.4935e-01,-1.6754e-01,-1.8576e-01,-2.0412e-01,-2.2266e-01,-2.4137e-01,-2.6018e-01,-2.7898e-01,-2.9764e-01,-3.1601e-01,-3.3400e-01,-3.5150e-01,-3.6848e-01,-3.8491e-01,-4.0082e-01,-4.1622e-01,-4.3117e-01,-4.4571e-01,-4.5989e-01,-4.7376e-01,-4.8734e-01,-5.0066e-01,-5.1374e-01,-5.2659e-01,-5.3919e-01,-5.5154e-01,-5.6361e-01,-5.7537e-01,-5.8678e-01,-5.9780e-01,-6.0840e-01,-6.1854e-01,-6.2818e-01,-6.3729e-01,-6.4585e-01,-6.5384e-01,-6.6126e-01,-6.6811e-01,-6.7438e-01,-6.8009e-01,-6.8527e-01,-6.8993e-01,-6.9409e-01,-6.9778e-01,-7.0102e-01,-7.0381e-01,-7.0617e-01,-7.0810e-01,-7.0959e-01,-7.1063e-01,-7.1124e-01,-7.1145e-01,-7.1135e-01,-7.1110e-01,-7.1092e-01,-7.1108e-01,-7.1173e-01,-7.1269e-01,-7.1331e-01,-7.1284e-01,-7.1162e-01,-7.1200e-01,-7.1572e-01,-7.1850e-01,-7.0988e-01,-6.8091e-01,-6.3423e-01,-5.8550e-01,-5.4873e-01,-5.2091e-01,-4.9086e-01,-4.5573e-01,-4.1997e-01,-3.8795e-01,-3.6110e-01,-3.3849e-01,-3.1816e-01,-2.9815e-01,-2.7721e-01,-2.5498e-01,-2.3198e-01,-2.0917e-01,-1.8756e-01,-1.6785e-01,-1.5035e-01,-1.3502e-01,-1.2163e-01,-1.0989e-01,-9.9482e-02,-9.0182e-02,-8.1826e-02
6.0872e-02,2.7377e-02,-1.9297e-03,-2.7956e-02,-5.1454e-02,-7.3038e-02,-9.3205e-02,-1.1236e-01,-1.3082e-01,-1.4887e-01,-1.6672e-01,-1.8454e-01,-2.0246e-01,-2.2054e-01,-2.3880e-01,-2.5719e-01,-2.7561e-01,-2.9394e-01,-3.1205e-01,-3.2983e-01,-3.4719e-01,-3.6405e-01,-3.8041e-01,-3.9626e-01,-4.1162e-01,-4.2654e-01,-4.4106e-01,-4.5522e-01,-4.6907e-01,-4.8264e-01,-4.9596e-01,-5.0904e-01,-5.2190e-01,-5.3453e-01,-5.4692e-01,-5.5905e-01,-5.7088e-01,-5.8238e-01,-5.9352e-01,-6.0424e-01,-6.1452e-01,-6.2431e-01,-6.3358e-01,-6.4231e-01,-6.5048e-01,-6.5807e-01,-6.6508e-01,-6.7151e-01,-6.7739e-01,-6.8272e-01,-6.8752e-01,-6.9183e-01,-6.9566e-01,-6.9905e-01,-7.0201e-01,-7.0455e-01,-7.0668e-01,-7.0840e-01,-7.0970e-01,-7.1057e-01,-7.1103e-01,-7.1111e-01,-7.1089e-01,-7.1054e-01,-7.1027e-01,-7.1035e-01,-7.1090e-01,-7.1174e-01,-7.1221e-01,-7.1152e-01,-7.1002e-01,-7.1003e-01,-7.1334e-01,-7.1586e-01,-7.0728e-01,-6.7852e-01,-6.3179e-01,-5.8253e-01,-5.4529e-01,-5.1766e-01,-4.8811e-01,-4.5310e-01,-4.1692e-01,-3.8419e-01,-3.5664e-01,-3.3352e-01,-3.1292e-01,-2.9286e-01,-2.7199e-01,-2.4984e-01,-2.2684e-01,-2.0391e-01,-1.8208e-01,-1.6211e-01,-1.4439e-01,-1.2893e-01,-1.1553e-01,-1.0388e-01,-9.3673e-02,-8.4638e-02
6.4839e-02,2.9954e-02,-3.8987e-04,-2.7158e-02,-5.1151e-02,-7.3028e-02,-9.3320e-02,-1.1246e-01,-1.3079e-01,-1.4861e-01,-1.6615e-01,-1.8360e-01,-2.0110e-01,-2.1874e-01,-2.3655e-01,-2.5451e-01,-2.7254e-01,-2.9053e-01,-3.0836e-01,-3.2592e-01,-3.4310e-01,-3.5985e-01,-3.7611e-01,-3.9189e-01,-4.0721e-01,-4.2209e-01,-4.3658e-01,-4.5073e-01,-4.6456e-01,-4.7812e-01,-4.9144e-01,-5.0453e-01,-5.1740e-01,-5.3006e-01,-5.4249e-01,-5.5467e-01,-5.6658e-01,-5.7818e-01,-5.8942e-01,-6.0028e-01,-6.1070e-01,-6.2065e-01,-6.3009e-01,-6.3900e-01,-6.4735e-01,-6.5512e-01,-6.6231e-01,-6.6892e-01,-6.7496e-01,-6.8044e-01,-6.8539e-01,-6.8984e-01,-6.9381e-01,-6.9733e-01,-7.0043e-01,-7.0312e-01,-7.0542e-01,-7.0734e-01,-7.0886e-01,-7.0998e-01,-7.1069e-01,-7.1101e-01,-7.1096e-01,-7.1062e-01,-7.1017e-01,-7.0982e-01,-7.0982e-01,-7.1028e-01,-7.1101e-01,-7.1132e-01,-7.1042e-01,-7.0864e-01,-7.0829e-01,-7.1120e-01,-7.1345e-01,-7.0490e-01,-6.7635e-01,-6.2956e-01,-5.7978e-01,-5.4201e-01,-5.1456e-01,-4.8554e-01,-4.5069e-01,-4.1412e-01,-3.8069e-01,-3.5242e-01,-3.2875e-01,-3.0784e-01,-2.8771e-01,-2.6689e-01,-2.4483e-01,-2.2183e-01,-1.9878e-01,-1.7673e-01,-1.5649e-01,-1.3852e-01,-1.2289e-01,-1.0944e-01,-9.7850e-02,-8.7806e-02
6.9317e-02,3.2904e-02,1.4009e-03,-2.6210e-02,-5.0784e-02,-7.3025e-02,-9.3504e-02,-1.1268e-01,-1.3093e-01,-1.4857e-01,-1.6583e-01,-1.8294e-01,-2.0004e-01,-2.1725e-01,-2.3462e-01,-2.5215e-01,-2.6978e-01,-2.8741e-01,-3.0495e-01,-3.2226e-01,-3.3926e-01,-3.5586e-01,-3.7202e-01,-3.8772e-01,-4.0299e-01,-4.1783e-01,-4.3229e-01,-4.4641e-01,-4.6023e-01,-4.7378e-01,-4.8709e-01,-5.0019e-01,-5.1308e-01,-5.2577e-01,-5.3824e-01,-5.5048e-01,-5.6246e-01,-5.7415e-01,-5.8551e-01,-5.9650e-01,-6.0707e-01,-6.1718e-01,-6.2680e-01,-6.3589e-01,-6.4443e-01,-6.5240e-01,-6.5978e-01,-6.6657e-01,-6.7279e-01,-6.7844e-01,-6.8355e-01,-6.8814e-01,-6.9225e-01,-6.9589e-01,-6.9912e-01,-7.0194e-01,-7.0438e-01,-7.0645e-01,-7.0815e-01,-7.0948e-01,-7.1043e-01,-7.1099e-01,-7.1117e-01,-7.1099e-01,-7.1055e-01,-7.1000e-01,-7.0957e-01,-7.0949e-01,-7.0988e-01,-7.1049e-01,-7.1064e-01,-7.0954e-01,-7.0748e-01,-7.0678e-01,-7.0929e-01,-7.1126e-01,-7.0273e-01,-6.7438e-01,-6.2755e-01,-5.7723e-01,-5.3891e-01,-5.1159e-01,-4.8314e-01,-4.4851e-01,-4.1159e-01,-3.7746e-01,-3.4844e-01,-3.2419e-01,-3.0294e-01,-2.8269e-01,-2.6192e-01,-2.3994e-01,-2.1695e-01,-1.9380e-01,-1.7153e-01,-1.5100e-01,-1.3275e-01,-1.1692e-01,-1.0337e-01,-9.1804e-02
7.4359e-02,3.6273e-02,3.4854e-03,-2.5076e-02,-5.0320e-02,-7.3002e-02,-9.3732e-02,-1.1301e-01,-1.3122e-01,-1.4871e-01,-1.6574e-01,-1.8254e-01,-1.9927e-01,-2.1607e-01,-2.3301e-01,-2.5010e-01,-2.6732e-01,-2.8459e-01,-3.0181e-01,-3.1886e-01,-3.3565e-01,-3.5209e-01,-3.6813e-01,-3.8375e-01,-3.9895e-01,-4.1375e-01,-4.2817e-01,-4.4227e-01,-4.5607e-01,-4.6961e-01,-4.8292e-01,-4.9602e-01,-5.0893e-01,-5.2164e-01,-5.3415e-01,-5.4645e-01,-5.5850e-01,-5.7029e-01,-5.8176e-01,-5.9288e-01,-6.0360e-01,-6.1389e-01,-6.2369e-01,-6.3298e-01,-6.4172e-01,-6.4988e-01,-6.5747e-01,-6.6446e-01,-6.7087e-01,-6.7670e-01,-6.8198e-01,-6.8672e-01,-6.9097e-01,-6.9474e-01,-6.9808e-01,-7.0102e-01,-7.0357e-01,-7.0577e-01,-7.0762e-01,-7.0913e-01,-7.1028e-01,-7.1106e-01,-7.1147e-01,-7.1151e-01,-7.1121e-01,-7.1066e-01,-7.1003e-01,-7.0952e-01,-7.0937e-01,-7.0967e-01,-7.1018e-01,-7.1017e-01,-7.0886e-01,-7.0654e-01,-7.0549e-01,-7.0760e-01,-7.0929e-01,-7.0076e-01,-6.7262e-01,-6.2576e-01,-5.7488e-01,-5.3597e-01,-5.0875e-01,-4.8088e-01,-4.4654e-01,-4.0931e-01,-3.7449e-01,-3.4471e-01,-3.1984e-01,-2.9821e-01,-2.7782e-01,-2.5707e-01,-2.3517e-01,-2.1221e-01,-1.8897e-01,-1.6648e-01,-1.4566e-01,-1.2711e-01,-1.1103e-01,-9.7340e-02
8.0017e-02,4.0112e-02,5.9071e-03,-2.3717e-02,-4.9728e-02,-7.2929e-02,-9.3977e-02,-1.1340e-01,-1.3164e-01,-1.4903e-01,-1.6586e-01,-1.8238e-01,-1.9877e-01,-2.1518e-01,-2.3170e-01,-2.4837e-01,-2.6518e-01,-2.8207e-01,-2.9895e-01,-3.1573e-01,-3.3229e-01,-3.4855e-01,-3.6446e-01,-3.7998e-01,-3.9511e-01,-4.0985e-01,-4.2423e-01,-4.3830e-01,-4.5208e-01,-4.6561e-01,-4.7891e-01,-4.9202e-01,-5.0494e-01,-5.1768e-01,-5.3023e-01,-5.4258e-01,-5.5471e-01,-5.6658e-01,-5.7817e-01,-5.8942e-01,-6.0030e-01,-6.1075e-01,-6.2074e-01,-6.3023e-01,-6.3918e-01,-6.4757e-01,-6.5537e-01,-6.6258e-01,-6.6919e-01,-6.7521e-01,-6.8067e-01,-6.8558e-01,-6.8997e-01,-6.9388e-01,-6.9733e-01,-7.0038e-01,-7.0304e-01,-7.0535e-01,-7.0731e-01,-7.0895e-01,-7.1027e-01,-7.1124e-01,-7.1186e-01,-7.1212e-01,-7.1203e-01,-7.1161e-01,-7.1096e-01,-7.1024e-01,-7.0966e-01,-7.0945e-01,-7.0967e-01,-7.1007e-01,-7.0991e-01,-7.0839e-01,-7.0581e-01,-7.0442e-01,-7.0613e-01,-7.0752e-01,-6.9899e-01,-6.7104e-01,-6.2416e-01,-5.7274e-01,-5.3319e-01,-5.0603e-01,-4.7877e-01,-4.4477e-01,-4.0728e-01,-3.7178e-01,-3.4122e-01,-3.1569e-01,-2.9366e-01,-2.7310e-01,-2.5235e-01,-2.3053e-01,-2.0761e-01,-1.8428e-01,-1.6158e-01,-1.4047e-01,-1.2160e-01,-1.0524e-01
8.6339e-02,4.4471e-02,8.7117e-03,-2.2095e-02,-4.8971e-02,-7.2776e-02,-9.4214e-02,-1.1385e-01,-1.3216e-01,-1.4949e-01,-1.6617e-01,-1.8245e-01,-1.9853e-01,-2.1457e-01,-2.3069e-01,-2.4694e-01,-2.6334e-01,-2.7984e-01,-2.9638e-01,-3.1285e-01,-3.2917e-01,-3.4525e-01,-3.6100e-01,-3.7641e-01,-3.9145e-01,-4.0613e-01,-4.2047e-01,-4.3450e-01,-4.4825e-01,-4.6177e-01,-4.7507e-01,-4.8818e-01,-5.0111e-01,-5.1387e-01,-5.2646e-01,-5.3886e-01,-5.5106e-01,-5.6303e-01,-5.7472e-01,-5.8611e-01,-5.9714e-01,-6.0776e-01,-6.1795e-01,-6.2764e-01,-6.3681e-01,-6.4542e-01,-6.5345e-01,-6.6089e-01,-6.6772e-01,-6.7396e-01,-6.7961e-01,-6.8470e-01,-6.8925e-01,-6.9330e-01,-6.9688e-01,-7.0004e-01,-7.0280e-01,-7.0520e-01,-7.0726e-01,-7.0900e-01,-7.1044e-01,-7.1157e-01,-7.1237e-01,-7.1283e-01,-7.1295e-01,-7.1272e-01,-7.1219e-01,-7.1145e-01,-7.1064e-01,-7.1000e-01,-7.0972e-01,-7.0987e-01,-7.1015e-01,-7.0984e-01,-7.0812e-01,-7.0528e-01,-7.0356e-01,-7.0488e-01,-7.0597e-01,-6.9741e-01,-6.6966e-01,-6.2277e-01,-5.7079e-01,-5.3057e-01,-5.0342e-01,-4.7678e-01,-4.4319e-01,-4.0549e-01,-3.6932e-01,-3.3797e-01,-3.1177e-01,-2.8928e-01,-2.6852e-01,-2.4776e-01,-2.2600e-01,-2.0313e-01,-1.7975e-01,-1.5685e-01,-1.3544e-01,-1.1623e-01
9.3374e-02,4.9398e-02,1.1945e-02,-2.0168e-02,-4.8016e-02,-7.2513e-02,-9.4415e-02,-1.1433e-01,-1.3275e-01,-1.5009e-01,-1.6665e-01,-1.8272e-01,-1.9852e-01,-2.1422e-01,-2.2996e-01,-2.4580e-01,-2.6179e-01,-2.7791e-01,-2.9409e-01,-3.1025e-01,-3.2631e-01,-3.4217e-01,-3.5776e-01,-3.7304e-01,-3.8799e-01,-4.0259e-01,-4.1688e-01,-4.3087e-01,-4.4460e-01,-4.5809e-01,-4.7138e-01,-4.8449e-01,-4.9743e-01,-5.1021e-01,-5.2284e-01,-5.3529e-01,-5.4756e-01,-5.5961e-01,-5.7141e-01,-5.8293e-01,-5.9411e-01,-6.0491e-01,-6.1529e-01,-6.2519e-01,-6.3458e-01,-6.4343e-01,-6.5170e-01,-6.5938e-01,-6.6645e-01,-6.7291e-01,-6.7878e-01,-6.8407e-01,-6.8880e-01,-6.9300e-01,-6.9672e-01,-6.9999e-01,-7.0285e-01,-7.0534e-01,-7.0748e-01,-7.0931e-01,-7.1085e-01,-7.1208e-01,-7.1303e-01,-7.1366e-01,-7.1397e-01,-7.1395e-01,-7.1359e-01,-7.1295e-01,-7.1211e-01,-7.1123e-01,-7.1052e-01,-7.1018e-01,-7.1026e-01,-7.1044e-01,-7.0997e-01,-7.0805e-01,-7.0496e-01,-7.0291e-01,-7.0383e-01,-7.0461e-01,-6.9602e-01,-6.6846e-01,-6.2157e-01,-5.6904e-01,-5.2810e-01,-5.0092e-01,-4.7491e-01,-4.4179e-01,-4.0394e-01,-3.6713e-01,-3.3497e-01,-3.0806e-01,-2.8508e-01,-2.6408e-01,-2.4329e-01,-2.2160e-01,-1.9878e-01,-1.7536e-01,-1.5228e-01,-1.3058e-01
1.0116e-01,5.4942e-02,1.5655e-02,-1.7894e-02,-4.6825e-02,-7.2108e-02,-9.4551e-02,-1.1481e-01,-1.3341e-01,-1.5079e-01,-1.6728e-01,-1.8319e-01,-1.9874e-01,-2.1413e-01,-2.2950e-01,-2.4496e-01,-2.6054e-01,-2.7626e-01,-2.9208e-01,-3.0792e-01,-3.2370e-01,-3.3933e-01,-3.5474e-01,-3.6988e-01,-3.8472e-01,-3.9924e-01,-4.1346e-01,-4.2741e-01,-4.4110e-01,-4.5457e-01,-4.6785e-01,-4.8095e-01,-4.9390e-01,-5.0670e-01,-5.1936e-01,-5.3186e-01,-5.4419e-01,-5.5633e-01,-5.6824e-01,-5.7988e-01,-5.9121e-01,-6.0218e-01,-6.1275e-01,-6.2287e-01,-6.3249e-01,-6.4158e-01,-6.5010e-01,-6.5803e-01,-6.6535e-01,-6.7206e-01,-6.7816e-01,-6.8366e-01,-6.8859e-01,-6.9298e-01,-6.9685e-01,-7.0025e-01,-7.0321e-01,-7.0579e-01,-7.0801e-01,-7.0991e-01,-7.1151e-01,-7.1284e-01,-7.1388e-01,-7.1465e-01,-7.1512e-01,-7.1528e-01,-7.1511e-01,-7.1464e-01,-7.1388e-01,-7.1295e-01,-7.1200e-01,-7.1123e-01,-7.1083e-01,-7.1084e-01,-7.1091e-01,-7.1030e-01,-7.0818e-01,-7.0484e-01,-7.0246e-01,-7.0300e-01,-7.0345e-01,-6.9481e-01,-6.6744e-01,-6.2056e-01,-5.6749e-01,-5.2580e-01,-4.9852e-01,-4.7314e-01,-4.4055e-01,-4.0260e-01,-3.6518e-01,-3.3221e-01,-3.0456e-01,-2.8107e-01,-2.5980e-01,-2.3895e-01,-2.1732e-01,-1.9456e-01,-1.7111e-01,-1.4788e-01
1.0974e-01,6.1149e-02,1.9887e-02,-1.5231e-02,-4.5360e-02,-7.1527e-02,-9.4593e-02,-1.1526e-01,-1.3410e-01,-1.5157e-01,-1.6804e-01,-1.8382e-01,-1.9916e-01,-2.1427e-01,-2.2931e-01,-2.4439e-01,-2.5958e-01,-2.7491e-01,-2.9035e-01,-3.0586e-01,-3.2134e-01,-3.3673e-01,-3.5195e-01,-3.6693e-01,-3.8164e-01,-3.9607e-01,-4.1022e-01,-4.2411e-01,-4.3777e-01,-4.5121e-01,-4.6447e-01,-4.7757e-01,-4.9052e-01,-5.0334e-01,-5.1602e-01,-5.2857e-01,-5.4096e-01,-5.5318e-01,-5.6518e-01,-5.7695e-01,-5.8842e-01,-5.9957e-01,-6.1033e-01,-6.2066e-01,-6.3051e-01,-6.3985e-01,-6.4863e-01,-6.5682e-01,-6.6441e-01,-6.7138e-01,-6.7773e-01,-6.8347e-01,-6.8862e-01,-6.9320e-01,-6.9724e-01,-7.0079e-01,-7.0387e-01,-7.0655e-01,-7.0885e-01,-7.1081e-01,-7.1248e-01,-7.1386e-01,-7.1498e-01,-7.1584e-01,-7.1643e-01,-7.1674e-01,-7.1675e-01,-7.1645e-01,-7.1585e-01,-7.1499e-01,-7.1397e-01,-7.1294e-01,-7.1212e-01,-7.1167e-01,-7.1161e-01,-7.1158e-01,-7.1081e-01,-7.0849e-01,-7.0491e-01,-7.0222e-01,-7.0236e-01,-7.0248e-01,-6.9378e-01,-6.6659e-01,-6.1973e-01,-5.6613e-01,-5.2364e-01,-4.9622e-01,-4.7147e-01,-4.3945e-01,-4.0148e-01,-3.6348e-01,-3.2970e-01,-3.0129e-01,-2.7724e-01,-2.5567e-01,-2.3473e-01,-2.1315e-01,-1.9047e-01,-1.6700e-01
1.1913e-01,6.8062e-02,2.4688e-02,-1.2134e-02,-4.3582e-02,-7.0736e-02,-9.4512e-02,-1.1567e-01,-1.3480e-01,-1.5242e-01,-1.6891e-01,-1.8461e-01,-1.9977e-01,-2.1463e-01,-2.2936e-01,-2.4409e-01,-2.5890e-01,-2.7384e-01,-2.8891e-01,-3.0407e-01,-3.1925e-01,-3.3437e-01,-3.4937e-01,-3.6419e-01,-3.7877e-01,-3.9309e-01,-4.0716e-01,-4.2099e-01,-4.3459e-01,-4.4800e-01,-4.6124e-01,-4.7433e-01,-4.8728e-01,-5.0011e-01,-5.1282e-01,-5.2541e-01,-5.3786e-01,-5.5015e-01,-5.6225e-01,-5.7413e-01,-5.8575e-01,-5.9706e-01,-6.0801e-01,-6.1855e-01,-6.2864e-01,-6.3822e-01,-6.4726e-01,-6.5573e-01,-6.6360e-01,-6.7084e-01,-6.7747e-01,-6.8347e-01,-6.8885e-01,-6.9365e-01,-6.9789e-01,-7.0160e-01,-7.0483e-01,-7.0761e-01,-7.1000e-01,-7.1203e-01,-7.1375e-01,-7.1518e-01,-7.1636e-01,-7.1728e-01,-7.1795e-01,-7.1837e-01,-7.1852e-01,-7.1838e-01,-7.1794e-01,-7.1722e-01,-7.1626e-01,-7.1516e-01,-7.1407e-01,-7.1319e-01,-7.1270e-01,-7.1256e-01,-7.1243e-01,-7.1150e-01,-7.0899e-01,-7.0517e-01,-7.0216e-01,-7.0191e-01,-7.0170e-01,-6.9291e-01,-6.6591e-01,-6.1909e-01,-5.6496e-01,-5.2165e-01,-4.9401e-01,-4.6987e-01,-4.3850e-01,-4.0057e-01,-3.6202e-01,-3.2743e-01,-2.9824e-01,-2.7361e-01,-2.5170e-01,-2.3065e-01,-2.0910e-01,-1.8649e-01
1.2936e-01,7.5718e-02,3.0102e-02,-8.5581e-03,-4.1453e-02,-6.9701e-02,-9.4278e-02,-1.1599e-01,-1.3549e-01,-1.5331e-01,-1.6987e-01,-1.8553e-01,-2.0056e-01,-2.1520e-01,-2.2964e-01,-2.4404e-01,-2.5849e-01,-2.7305e-01,-2.8774e-01,-3.0255e-01,-3.1741e-01,-3.3226e-01,-3.4703e-01,-3.6166e-01,-3.7609e-01,-3.9030e-01,-4.0428e-01,-4.1804e-01,-4.3159e-01,-4.4495e-01,-4.5816e-01,-4.7123e-01,-4.8418e-01,-4.9702e-01,-5.0975e-01,-5.2238e-01,-5.3488e-01,-5.4724e-01,-5.5943e-01,-5.7142e-01,-5.8318e-01,-5.9465e-01,-6.0578e-01,-6.1653e-01,-6.2685e-01,-6.3669e-01,-6.4600e-01,-6.5475e-01,-6.6290e-01,-6.7044e-01,-6.7735e-01,-6.8362e-01,-6.8927e-01,-6.9431e-01,-6.9876e-01,-7.0267e-01,-7.0606e-01,-7.0897e-01,-7.1147e-01,-7.1358e-01,-7.1535e-01,-7.1683e-01,-7.1804e-01,-7.1900e-01,-7.1972e-01,-7.2021e-01,-7.2046e-01,-7.2045e-01,-7.2017e-01,-7.1960e-01,-7.1876e-01,-7.1770e-01,-7.1651e-01,-7.1536e-01,-7.1444e-01,-7.1390e-01,-7.1370e-01,-7.1346e-01,-7.1238e-01,-7.0967e-01,-7.0561e-01,-7.0230e-01,-7.0165e-01,-7.0109e-01,-6.9221e-01,-6.6539e-01,-6.1862e-01,-5.6397e-01,-5.1980e-01,-4.9189e-01,-4.6836e-01,-4.3767e-01,-3.9985e-01,-3.6080e-01,-3.2541e-01,-2.9542e-01,-2.7016e-01,-2.4788e-01,-2.2669e-01,-2.0517e-01
1.4044e-01,8.4152e-02,3.6174e-02,-4.4614e-03,-3.8929e-02,-6.8385e-02,-9.3857e-02,-1.1621e-01,-1.3614e-01,-1.5422e-01,-1.7090e-01,-1.8656e-01,-2.0149e-01,-2.1595e-01,-2.3014e-01,-2.4423e-01,-2.5834e-01,-2.7253e-01,-2.8685e-01,-3.0130e-01,-3.1583e-01,-3.3040e-01,-3.4492e-01,-3.5935e-01,-3.7362e-01,-3.8770e-01,-4.0157e-01,-4.1525e-01,-4.2874e-01,-4.4206e-01,-4.5524e-01,-4.6829e-01,-4.8123e-01,-4.9407e-01,-5.0682e-01,-5.1947e-01,-5.3202e-01,-5.4444e-01,-5.5672e-01,-5.6882e-01,-5.8071e-01,-5.9233e-01,-6.0365e-01,-6.1460e-01,-6.2515e-01,-6.3524e-01,-6.4482e-01,-6.5385e-01,-6.6230e-01,-6.7014e-01,-6.7735e-01,-6.8392e-01,-6.8985e-01,-6.9515e-01,-6.9985e-01,-7.0397e-01,-7.0754e-01,-7.1062e-01,-7.1323e-01,-7.1544e-01,-7.1728e-01,-7.1880e-01,-7.2004e-01,-7.2103e-01,-7.2178e-01,-7.2232e-01,-7.2263e-01,-7.2271e-01,-7.2254e-01,-7.2211e-01,-7.2141e-01,-7.2046e-01,-7.1930e-01,-7.1804e-01,-7.1683e-01,-7.1587e-01,-7.1528e-01,-7.1502e-01,-7.1467e-01,-7.1343e-01,-7.1052e-01,-7.0623e-01,-7.0261e-01,-7.0157e-01,-7.0065e-01,-6.9167e-01,-6.6502e-01,-6.1831e-01,-5.6316e-01,-5.1811e-01,-4.8986e-01,-4.6690e-01,-4.3696e-01,-3.9932e-01,-3.5982e-01,-3.2363e-01,-2.9282e-01,-2.6691e-01,-2.4422e-01,-2.2287e-01
1.5237e-01,9.3387e-02,4.2943e-02,2.0150e-04,-3.5969e-02,-6.6750e-02,-9.3219e-02,-1.1629e-01,-1.3673e-01,-1.5513e-01,-1.7198e-01,-1.8768e-01,-2.0256e-01,-2.1687e-01,-2.3085e-01,-2.4465e-01,-2.5843e-01,-2.7227e-01,-2.8623e-01,-3.0032e-01,-3.1452e-01,-3.2878e-01,-3.4305e-01,-3.5725e-01,-3.7135e-01,-3.8529e-01,-3.9905e-01,-4.1264e-01,-4.2606e-01,-4.3932e-01,-4.5246e-01,-4.6548e-01,-4.7841e-01,-4.9125e-01,-5.0401e-01,-5.1669e-01,-5.2928e-01,-5.4176e-01,-5.5412e-01,-5.6633e-01,-5.7833e-01,-5.9011e-01,-6.0159e-01,-6.1275e-01,-6.2352e-01,-6.3386e-01,-6.4371e-01,-6.5303e-01,-6.6178e-01,-6.6993e-01,-6.7745e-01,-6.8433e-01,-6.9056e-01,-6.9615e-01,-7.0112e-01,-7.0548e-01,-7.0927e-01,-7.1252e-01,-7.1529e-01,-7.1761e-01,-7.1953e-01,-7.2111e-01,-7.2239e-01,-7.2339e-01,-7.2416e-01,-7.2471e-01,-7.2506e-01,-7.2519e-01,-7.2510e-01,-7.2478e-01,-7.2421e-01,-7.2338e-01,-7.2231e-01,-7.2106e-01,-7.1972e-01,-7.1847e-01,-7.1746e-01,-7.1684e-01,-7.1651e-01,-7.1605e-01,-7.1465e-01,-7.1154e-01,-7.0702e-01,-7.0310e-01,-7.0167e-01,-7.0038e-01,-6.9128e-01,-6.6480e-01,-6.1817e-01,-5.6254e-01,-5.1658e-01,-4.8792e-01,-4.6550e-01,-4.3634e-01,-3.9895e-01,-3.5906e-01,-3.2209e-01,-2.9044e-01,-2.6385e-01,-2.4073e-01
1.6513e-01,1.0344e-01,5.0443e-02,5.4721e-03,-3.2534e-02,-6.4759e-02,-9.2329e-02,-1.1621e-01,-1.3722e-01,-1.5600e-01,-1.7308e-01,-1.8888e-01,-2.0374e-01,-2.1795e-01,-2.3173e-01,-2.4529e-01,-2.5877e-01,-2.7227e-01,-2.8587e-01,-2.9960e-01,-3.1346e-01,-3.2741e-01,-3.4141e-01,-3.5538e-01,-3.6928e-01,-3.8307e-01,-3.9671e-01,-4.1020e-01,-4.2354e-01,-4.3674e-01,-4.4983e-01,-4.6282e-01,-4.7572e-01,-4.8856e-01,-5.0133e-01,-5.1403e-01,-5.2665e-01,-5.3920e-01,-5.5163e-01,-5.6393e-01,-5.7605e-01,-5.8796e-01,-5.9962e-01,-6.1097e-01,-6.2196e-01,-6.3254e-01,-6.4266e-01,-6.5227e-01,-6.6133e-01,-6.6979e-01,-6.7764e-01,-6.8484e-01,-6.9139e-01,-6.9729e-01,-7.0254e-01,-7.0717e-01,-7.1120e-01,-7.1466e-01,-7.1760e-01,-7.2007e-01,-7.2210e-01,-7.2375e-01,-7.2507e-01,-7.2610e-01,-7.2688e-01,-7.2744e-01,-7.2779e-01,-7.2794e-01,-7.2790e-01,-7.2764e-01,-7.2717e-01,-7.2645e-01,-7.2549e-01,-7.2432e-01,-7.2297e-01,-7.2158e-01,-7.2027e-01,-7.1923e-01,-7.1856e-01,-7.1817e-01,-7.1760e-01,-7.1604e-01,-7.1273e-01,-7.0798e-01,-7.0376e-01,-7.0193e-01,-7.0027e-01,-6.9104e-01,-6.6471e-01,-6.1819e-01,-5.6209e-01,-5.1520e-01,-4.8606e-01,-4.6415e-01,-4.3581e-01,-3.9875e-01,-3.5851e-01,-3.2079e-01,-2.8830e-01,-2.6100e-01
1.7870e-01,1.1433e-01,5.8704e-02,1.1390e-02,-2.8580e-02,-6.2374e-02,-9.1152e-02,-1.1594e-01,-1.3760e-01,-1.5683e-01,-1.7419e-01,-1.9013e-01,-2.0502e-01,-2.1915e-01,-2.3279e-01,-2.4612e-01,-2.5932e-01,-2.7251e-01,-2.8576e-01,-2.9914e-01,-3.1266e-01,-3.2629e-01,-3.4000e-01,-3.5373e-01,-3.6743e-01,-3.8105e-01,-3.9455e-01,-4.0793e-01,-4.2118e-01,-4.3432e-01,-4.4735e-01,-4.6030e-01,-4.7318e-01,-4.8600e-01,-4.9877e-01,-5.1149e-01,-5.2415e-01,-5.3674e-01,-5.4924e-01,-5.6162e-01,-5.7386e-01,-5.8591e-01,-5.9772e-01,-6.0926e-01,-6.2046e-01,-6.3128e-01,-6.4166e-01,-6.5156e-01,-6.6092e-01,-6.6971e-01,-6.7788e-01,-6.8542e-01,-6.9231e-01,-6.9853e-01,-7.0410e-01,-7.0902e-01,-7.1332e-01,-7.1702e-01,-7.2016e-01,-7.2280e-01,-7.2496e-01,-7.2671e-01,-7.2810e-01,-7.2916e-01,-7.2995e-01,-7.3051e-01,-7.3085e-01,-7.3100e-01,-7.3096e-01,-7.3074e-01,-7.3033e-01,-7.2970e-01,-7.2884e-01,-7.2776e-01,-7.2647e-01,-7.2505e-01,-7.2359e-01,-7.2224e-01,-7.2117e-01,-7.2046e-01,-7.2000e-01,-7.1932e-01,-7.1759e-01,-7.1409e-01,-7.0910e-01,-7.0458e-01,-7.0235e-01,-7.0031e-01,-6.9093e-01,-6.6476e-01,-6.1836e-01,-5.6181e-01,-5.1397e-01,-4.8428e-01,-4.6284e-01,-4.3536e-01,-3.9870e-01,-3.5818e-01,-3.1973e-01,-2.8638e-01
1.9306e-01,1.2603e-01,6.7751e-02,1.7992e-02,-2.4066e-02,-5.9555e-02,-8.9655e-02,-1.1544e-01,-1.3783e-01,-1.5758e-01,-1.7527e-01,-1.9141e-01,-2.0637e-01,-2.2048e-01,-2.3400e-01,-2.4714e-01,-2.6009e-01,-2.7297e-01,-2.8590e-01,-2.9894e-01,-3.1211e-01,-3.2542e-01,-3.3884e-01,-3.5231e-01,-3.6579e-01,-3.7922e-01,-3.9258e-01,-4.0584e-01,-4.1900e-01,-4.3205e-01,-4.4503e-01,-4.5793e-01,-4.7077e-01,-4.8358e-01,-4.9634e-01,-5.0907e-01,-5.2175e-01,-5.3439e-01,-5.4695e-01,-5.5941e-01,-5.7175e-01,-5.8393e-01,-5.9590e-01,-6.0761e-01,-6.1902e-01,-6.3007e-01,-6.4071e-01,-6.5089e-01,-6.6056e-01,-6.6967e-01,-6.7818e-01,-6.8606e-01,-6.9329e-01,-6.9986e-01,-7.0576e-01,-7.1100e-01,-7.1559e-01,-7.1956e-01,-7.2294e-01,-7.2577e-01,-7.2810e-01,-7.2997e-01,-7.3144e-01,-7.3256e-01,-7.3338e-01,-7.3393e-01,-7.3426e-01,-7.3440e-01,-7.3435e-01,-7.3413e-01,-7.3373e-01,-7.3315e-01,-7.3237e-01,-7.3137e-01,-7.3017e-01,-7.2878e-01,-7.2727e-01,-7.2575e-01,-7.2437e-01,-7.2327e-01,-7.2252e-01,-7.2199e-01,-7.2119e-01,-7.1930e-01,-7.1559e-01,-7.1037e-01,-7.0555e-01,-7.0293e-01,-7.0049e-01,-6.9096e-01,-6.6494e-01,-6.1867e-01,-5.6170e-01,-5.1290e-01,-4.8259e-01,-4.6156e-01,-4.3496e-01,-3.9878e-01,-3.5805e-01,-3.1890e-01
2.0815e-01,1.3856e-01,7.7598e-02,2.5311e-02,-1.8956e-02,-5.6264e-02,-8.7800e-02,-1.1469e-01,-1.3789e-01,-1.5822e-01,-1.7632e-01,-1.9270e-01,-2.0778e-01,-2.2190e-01,-2.3534e-01,-2.4832e-01,-2.6105e-01,-2.7366e-01,-2.8627e-01,-2.9898e-01,-3.1181e-01,-3.2479e-01,-3.3791e-01,-3.5111e-01,-3.6436e-01,-3.7760e-01,-3.9080e-01,-4.0393e-01,-4.1698e-01,-4.2995e-01,-4.4285e-01,-4.5570e-01,-4.6850e-01,-4.8128e-01,-4.9403e-01,-5.0677e-01,-5.1947e-01,-5.3214e-01,-5.4476e-01,-5.5730e-01,-5.6973e-01,-5.8203e-01,-5.9414e-01,-6.0603e-01,-6.1763e-01,-6.2891e-01,-6.3980e-01,-6.5026e-01,-6.6023e-01,-6.6966e-01,-6.7851e-01,-6.8674e-01,-6.9433e-01,-7.0126e-01,-7.0751e-01,-7.1308e-01,-7.1799e-01,-7.2226e-01,-7.2590e-01,-7.2896e-01,-7.3148e-01,-7.3351e-01,-7.3510e-01,-7.3630e-01,-7.3716e-01,-7.3772e-01,-7.3804e-01,-7.3815e-01,-7.3808e-01,-7.3783e-01,-7.3742e-01,-7.3685e-01,-7.3611e-01,-7.3517e-01,-7.3404e-01,-7.3272e-01,-7.3123e-01,-7.2965e-01,-7.2808e-01,-7.2666e-01,-7.2553e-01,-7.2475e-01,-7.2415e-01,-7.2323e-01,-7.2116e-01,-7.1725e-01,-7.1180e-01,-7.0668e-01,-7.0365e-01,-7.0081e-01,-6.9111e-01,-6.6524e-01,-6.1911e-01,-5.6175e-01,-5.1198e-01,-4.8099e-01,-4.6031e-01,-4.3462e-01,-3.9899e-01,-3.5811e-01
2.2392e-01,1.5187e-01,8.8253e-02,3.3375e-02,-1.3209e-02,-5.2460e-02,-8.5552e-02,-1.1364e-01,-1.3775e-01,-1.5874e-01,-1.7730e-01,-1.9398e-01,-2.0922e-01,-2.2340e-01,-2.3679e-01,-2.4966e-01,-2.6219e-01,-2.7455e-01,-2.8687e-01,-2.9925e-01,-3.1176e-01,-3.2441e-01,-3.3721e-01,-3.5014e-01,-3.6314e-01,-3.7618e-01,-3.8920e-01,-4.0219e-01,-4.1512e-01,-4.2800e-01,-4.4082e-01,-4.5361e-01,-4.6637e-01,-4.7912e-01,-4.9185e-01,-5.0458e-01,-5.1730e-01,-5.3000e-01,-5.4267e-01,-5.5528e-01,-5.6780e-01,-5.8021e-01,-5.9246e-01,-6.0450e-01,-6.1630e-01,-6.2779e-01,-6.3893e-01,-6.4965e-01,-6.5992e-01,-6.6967e-01,-6.7886e-01,-6.8744e-01,-6.9540e-01,-7.0269e-01,-7.0931e-01,-7.1524e-01,-7.2049e-01,-7.2508e-01,-7.2902e-01,-7.3234e-01,-7.3509e-01,-7.3731e-01,-7.3904e-01,-7.4034e-01,-7.4127e-01,-7.4187e-01,-7.4219e-01,-7.4228e-01,-7.4217e-01,-7.4188e-01,-7.4144e-01,-7.4085e-01,-7.4010e-01,-7.3920e-01,-7.3811e-01,-7.3685e-01,-7.3541e-01,-7.3383e-01,-7.3218e-01,-7.3056e-01,-7.2911e-01,-7.2796e-01,-7.2714e-01,-7.2646e-01,-7.2541e-01,-7.2317e-01,-7.1905e-01,-7.1337e-01,-7.0794e-01,-7.0450e-01,-7.0126e-01,-6.9137e-01,-6.6565e-01,-6.1969e-01,-5.6196e-01,-5.1121e-01,-4.7948e-01,-4.5909e-01,-4.3432e-01,-3.9931e-01
2.4033e-01,1.6595e-01,9.9714e-02,4.2205e-02,-6.7920e-03,-4.8107e-02,-8.2875e-02,-1.1228e-01,-1.3738e-01,-1.5911e-01,-1.7819e-01,-1.9522e-01,-2.1068e-01,-2.2495e-01,-2.3835e-01,-2.5112e-01,-2.6349e-01,-2.7563e-01,-2.8768e-01,-2.9976e-01,-3.1194e-01,-3.2427e-01,-3.3676e-01,-3.4939e-01,-3.6214e-01,-3.7495e-01,-3.8779e-01,-4.0063e-01,-4.1344e-01,-4.2621e-01,-4.3895e-01,-4.5167e-01,-4.6438e-01,-4.7708e-01,-4.8979e-01,-5.0252e-01,-5.1524e-01,-5.2797e-01,-5.4068e-01,-5.5335e-01,-5.6595e-01,-5.7846e-01,-5.9084e-01,-6.0304e-01,-6.1501e-01,-6.2671e-01,-6.3808e-01,-6.4907e-01,-6.5963e-01,-6.6969e-01,-6.7922e-01,-6.8816e-01,-6.9648e-01,-7.0415e-01,-7.1114e-01,-7.1745e-01,-7.2307e-01,-7.2800e-01,-7.3226e-01,-7.3588e-01,-7.3888e-01,-7.4132e-01,-7.4323e-01,-7.4468e-01,-7.4570e-01,-7.4636e-01,-7.4670e-01,-7.4678e-01,-7.4664e-01,-7.4631e-01,-7.4582e-01,-7.4518e-01,-7.4440e-01,-7.4348e-01,-7.4241e-01,-7.4118e-01,-7.3979e-01,-7.3824e-01,-7.3657e-01,-7.3485e-01,-7.3319e-01,-7.3171e-01,-7.3054e-01,-7.2968e-01,-7.2893e-01,-7.2775e-01,-7.2533e-01,-7.2099e-01,-7.1507e-01,-7.0934e-01,-7.0549e-01,-7.0183e-01,-6.9175e-01,-6.6617e-01,-6.2039e-01,-5.6233e-01,-5.1061e-01,-4.7806e-01,-4.5789e-01,-4.3405e-01
2.5729e-01,1.8075e-01,1.1197e-01,5.1816e-02,3.2440e-04,-4.3167e-02,-7.9731e-02,-1.1055e-01,-1.3675e-01,-1.5930e-01,-1.7897e-01,-1.9642e-01,-2.1214e-01,-2.2655e-01,-2.3998e-01,-2.5270e-01,-2.6494e-01,-2.7689e-01,-2.8869e-01,-3.0048e-01,-3.1235e-01,-3.2436e-01,-3.3653e-01,-3.4887e-01,-3.6135e-01,-3.7394e-01,-3.8658e-01,-3.9925e-01,-4.1192e-01,-4.2458e-01,-4.3723e-01,-4.4987e-01,-4.6252e-01,-4.7518e-01,-4.8786e-01,-5.0057e-01,-5.1330e-01,-5.2604e-01,-5.3878e-01,-5.5151e-01,-5.6419e-01,-5.7679e-01,-5.8929e-01,-6.0163e-01,-6.1378e-01,-6.2567e-01,-6.3727e-01,-6.4852e-01,-6.5935e-01,-6.6972e-01,-6.7958e-01,-6.8888e-01,-6.9757e-01,-7.0562e-01,-7.1300e-01,-7.1969e-01,-7.2569e-01,-7.3099e-01,-7.3560e-01,-7.3954e-01,-7.4283e-01,-7.4553e-01,-7.4766e-01,-7.4927e-01,-7.5042e-01,-7.5117e-01,-7.5156e-01,-7.5165e-01,-7.5149e-01,-7.5112e-01,-7.5057e-01,-7.4987e-01,-7.4904e-01,-7.4808e-01,-7.4699e-01,-7.4576e-01,-7.4438e-01,-7.4286e-01,-7.4120e-01,-7.3945e-01,-7.3767e-01,-7.3597e-01,-7.3448e-01,-7.3328e-01,-7.3238e-01,-7.3154e-01,-7.3023e-01,-7.2762e-01,-7.2307e-01,-7.1691e-01,-7.1087e-01,-7.0660e-01,-7.0252e-01,-6.9224e-01,-6.6678e-01,-6.2121e-01,-5.6285e-01,-5.1015e-01,-4.7673e-01,-4.5672e-01
2.7476e-01,1.9622e-01,1.2500e-01,6.2215e-02,8.1682e-03,-3.7606e-02,-7.6084e-02,-1.0844e-01,-1.3583e-01,-1.5928e-01,-1.7962e-01,-1.9754e-01,-2.1357e-01,-2.2817e-01,-2.4168e-01,-2.5438e-01,-2.6653e-01,-2.7831e-01,-2.8989e-01,-3.0142e-01,-3.1298e-01,-3.2467e-01,-3.3653e-01,-3.4857e-01,-3.6078e-01,-3.7312e-01,-3.8556e-01,-3.9805e-01,-4.1057e-01,-4.2311e-01,-4.3566e-01,-4.4822e-01,-4.6080e-01,-4.7341e-01,-4.8605e-01,-4.9874e-01,-5.1146e-01,-5.2421e-01,-5.3698e-01,-5.4976e-01,-5.6250e-01,-5.7520e-01,-5.8780e-01,-6.0028e-01,-6.1259e-01,-6.2467e-01,-6.3649e-01,-6.4798e-01,-6.5909e-01,-6.6976e-01,-6.7994e-01,-6.8959e-01,-6.9864e-01,-7.0708e-01,-7.1485e-01,-7.2195e-01,-7.2834e-01,-7.3402e-01,-7.3900e-01,-7.4329e-01,-7.4691e-01,-7.4989e-01,-7.5227e-01,-7.5409e-01,-7.5541e-01,-7.5628e-01,-7.5675e-01,-7.5688e-01,-7.5672e-01,-7.5631e-01,-7.5571e-01,-7.5495e-01,-7.5405e-01,-7.5302e-01,-7.5187e-01,-7.5061e-01,-7.4922e-01,-7.4771e-01,-7.4606e-01,-7.4430e-01,-7.4247e-01,-7.4064e-01,-7.3890e-01,-7.3739e-01,-7.3617e-01,-7.3523e-01,-7.3431e-01,-7.3284e-01,-7.3004e-01,-7.2527e-01,-7.1886e-01,-7.1251e-01,-7.0783e-01,-7.0332e-01,-6.9282e-01,-6.6749e-01,-6.2214e-01,-5.6351e-01,-5.0985e-01,-4.7550e-01
2.9266e-01,2.1230e-01,1.3878e-01,7.3401e-02,1.6759e-02,-3.1392e-02,-7.1898e-02,-1.0590e-01,-1.3459e-01,-1.5902e-01,-1.8010e-01,-1.9855e-01,-2.1496e-01,-2.2979e-01,-2.4342e-01,-2.5615e-01,-2.6823e-01,-2.7988e-01,-2.9127e-01,-3.0254e-01,-3.1383e-01,-3.2522e-01,-3.3676e-01,-3.4850e-01,-3.6042e-01,-3.7251e-01,-3.8473e-01,-3.9703e-01,-4.0940e-01,-4.2180e-01,-4.3424e-01,-4.4671e-01,-4.5921e-01,-4.7176e-01,-4.8436e-01,-4.9702e-01,-5.0973e-01,-5.2249e-01,-5.3528e-01,-5.4810e-01,-5.6090e-01,-5.7368e-01,-5.8639e-01,-5.9899e-01,-6.1145e-01,-6.2371e-01,-6.3573e-01,-6.4746e-01,-6.5883e-01,-6.6979e-01,-6.8029e-01,-6.9028e-01,-6.9971e-01,-7.0852e-01,-7.1670e-01,-7.2419e-01,-7.3099e-01,-7.3708e-01,-7.4245e-01,-7.4711e-01,-7.5108e-01,-7.5438e-01,-7.5705e-01,-7.5911e-01,-7.6063e-01,-7.6166e-01,-7.6224e-01,-7.6243e-01,-7.6230e-01,-7.6189e-01,-7.6125e-01,-7.6042e-01,-7.5944e-01,-7.5833e-01,-7.5711e-01,-7.5578e-01,-7.5435e-01,-7.5281e-01,-7.5116e-01,-7.4939e-01,-7.4753e-01,-7.4563e-01,-7.4374e-01,-7.4199e-01,-7.4045e-01,-7.3922e-01,-7.3823e-01,-7.3721e-01,-7.3560e-01,-7.3259e-01,-7.2760e-01,-7.2094e-01,-7.1427e-01,-7.0917e-01,-7.0422e-01,-6.9349e-01,-6.6829e-01,-6.2317e-01,-5.6431e-01,-5.0970e-01
3.1092e-01,2.2895e-01,1.5326e-01,8.5364e-02,2.6110e-02,-2.4495e-02,-6.7140e-02,-1.0291e-01,-1.3300e-01,-1.5851e-01,-1.8040e-01,-1.9945e-01,-2.1629e-01,-2.3140e-01,-2.4519e-01,-2.5797e-01,-2.7003e-01,-2.8158e-01,-2.9280e-01,-3.0385e-01,-3.1488e-01,-3.2597e-01,-3.3721e-01,-3.4864e-01,-3.6028e-01,-3.7211e-01,-3.8409e-01,-3.9619e-01,-4.0839e-01,-4.2066e-01,-4.3297e-01,-4.4534e-01,-4.5776e-01,-4.7025e-01,-4.8280e-01,-4.9542e-01,-5.0811e-01,-5.2087e-01,-5.3368e-01,-5.4652e-01,-5.5938e-01,-5.7223e-01,-5.8504e-01,-5.9776e-01,-6.1036e-01,-6.2279e-01,-6.3501e-01,-6.4696e-01,-6.5858e-01,-6.6983e-01,-6.8064e-01,-6.9096e-01,-7.0074e-01,-7.0994e-01,-7.1851e-01,-7.2642e-01,-7.3363e-01,-7.4013e-01,-7.4591e-01,-7.5097e-01,-7.5531e-01,-7.5896e-01,-7.6195e-01,-7.6429e-01,-7.6605e-01,-7.6727e-01,-7.6800e-01,-7.6830e-01,-7.6822e-01,-7.6783e-01,-7.6717e-01,-7.6629e-01,-7.6523e-01,-7.6404e-01,-7.6272e-01,-7.6131e-01,-7.5980e-01,-7.5821e-01,-7.5651e-01,-7.5472e-01,-7.5284e-01,-7.5089e-01,-7.4892e-01,-7.4700e-01,-7.4521e-01,-7.4367e-01,-7.4241e-01,-7.4137e-01,-7.4025e-01,-7.3848e-01,-7.3527e-01,-7.3004e-01,-7.2313e-01,-7.1614e-01,-7.1061e-01,-7.0521e-01,-6.9425e-01,-6.6917e-01,-6.2429e-01,-5.6525e-01
3.2949e-01,2.4609e-01,1.6840e-01,9.8084e-02,3.6230e-02,-1.6891e-02,-6.1776e-02,-9.9423e-02,-1.3102e-01,-1.5770e-01,-1.8049e-01,-2.0021e-01,-2.1752e-01,-2.3297e-01,-2.4696e-01,-2.5985e-01,-2.7191e-01,-2.8339e-01,-2.9447e-01,-3.0533e-01,-3.1611e-01,-3.2693e-01,-3.3788e-01,-3.4901e-01,-3.6035e-01,-3.7190e-01,-3.8365e-01,-3.9554e-01,-4.0756e-01,-4.1967e-01,-4.3186e-01,-4.4412e-01,-4.5646e-01,-4.6887e-01,-4.8136e-01,-4.9394e-01,-5.0661e-01,-5.1935e-01,-5.3217e-01,-5.4504e-01,-5.5795e-01,-5.7086e-01,-5.8375e-01,-5.9659e-01,-6.0932e-01,-6.2191e-01,-6.3432e-01,-6.4648e-01,-6.5834e-01,-6.6986e-01,-6.8097e-01,-6.9162e-01,-7.0175e-01,-7.1133e-01,-7.2029e-01,-7.2860e-01,-7.3624e-01,-7.4316e-01,-7.4937e-01,-7.5484e-01,-7.5958e-01,-7.6361e-01,-7.6694e-01,-7.6960e-01,-7.7164e-01,-7.7309e-01,-7.7400e-01,-7.7444e-01,-7.7446e-01,-7.7411e-01,-7.7346e-01,-7.7255e-01,-7.7143e-01,-7.7015e-01,-7.6874e-01,-7.6722e-01,-7.6562e-01,-7.6393e-01,-7.6217e-01,-7.6033e-01,-7.5841e-01,-7.5642e-01,-7.5438e-01,-7.5235e-01,-7.5039e-01,-7.4858e-01,-7.4703e-01,-7.4575e-01,-7.4465e-01,-7.4342e-01,-7.4148e-01,-7.3806e-01,-7.3259e-01,-7.2542e-01,-7.1810e-01,-7.1214e-01,-7.0630e-01,-6.9509e-01,-6.7012e-01,-6.2551e-01
3.4831e-01,2.6367e-01,1.8416e-01,1.1154e-01,4.7117e-02,-8.5601e-03,-5.5776e-02,-9.5410e-02,-1.2862e-01,-1.5658e-01,-1.8034e-01,-2.0080e-01,-2.1865e-01,-2.3448e-01,-2.4872e-01,-2.6175e-01,-2.7386e-01,-2.8530e-01,-2.9628e-01,-3.0697e-01,-3.1753e-01,-3.2809e-01,-3.3874e-01,-3.4958e-01,-3.6063e-01,-3.7191e-01,-3.8340e-01,-3.9507e-01,-4.0690e-01,-4.1885e-01,-4.3090e-01,-4.4305e-01,-4.5528e-01,-4.6761e-01,-4.8004e-01,-4.9257e-01,-5.0521e-01,-5.1794e-01,-5.3076e-01,-5.4365e-01,-5.5659e-01,-5.6957e-01,-5.8254e-01,-5.9547e-01,-6.0833e-01,-6.2107e-01,-6.3365e-01,-6.4601e-01,-6.5811e-01,-6.6989e-01,-6.8128e-01,-6.9225e-01,-7.0273e-01,-7.1267e-01,-7.2203e-01,-7.3075e-01,-7.3880e-01,-7.4616e-01,-7.5279e-01,-7.5869e-01,-7.6385e-01,-7.6828e-01,-7.7199e-01,-7.7500e-01,-7.7734e-01,-7.7906e-01,-7.8021e-01,-7.8083e-01,-7.8097e-01,-7.8071e-01,-7.8009e-01,-7.7918e-01,-7.7802e-01,-7.7667e-01,-7.7516e-01,-7.7354e-01,-7.7182e-01,-7.7003e-01,-7.6817e-01,-7.6624e-01,-7.6426e-01,-7.6221e-01,-7.6012e-01,-7.5800e-01,-7.5591e-01,-7.5392e-01,-7.5210e-01,-7.5053e-01,-7.4922e-01,-7.4806e-01,-7.4672e-01,-7.4461e-01,-7.4096e-01,-7.3525e-01,-7.2781e-01,-7.2016e-01,-7.1376e-01,-7.0746e-01,-6.9600e-01,-6.7114e-01
3.6731e-01,2.8162e-01,2.0047e-01,1.2568e-01,5.8764e-02,5.1207e-04,-4.9113e-02,-9.0841e-02,-1.2577e-01,-1.5510e-01,-1.7993e-01,-2.0120e-01,-2.1965e-01,-2.3591e-01,-2.5046e-01,-2.6367e-01,-2.7586e-01,-2.8730e-01,-2.9820e-01,-3.0875e-01,-3.1911e-01,-3.2943e-01,-3.3981e-01,-3.5036e-01,-3.6111e-01,-3.7211e-01,-3.8334e-01,-3.9479e-01,-4.0641e-01,-4.1819e-01,-4.3009e-01,-4.4212e-01,-4.5425e-01,-4.6649e-01,-4.7885e-01,-4.9132e-01,-5.0392e-01,-5.1662e-01,-5.2944e-01,-5.4234e-01,-5.5532e-01,-5.6834e-01,-5.8138e-01,-5.9441e-01,-6.0739e-01,-6.2027e-01,-6.3302e-01,-6.4557e-01,-6.5789e-01,-6.6991e-01,-6.8159e-01,-6.9286e-01,-7.0367e-01,-7.1397e-01,-7.2371e-01,-7.3284e-01,-7.4131e-01,-7.4910e-01,-7.5618e-01,-7.6252e-01,-7.6811e-01,-7.7296e-01,-7.7707e-01,-7.8045e-01,-7.8314e-01,-7.8517e-01,-7.8658e-01,-7.8741e-01,-7.8773e-01,-7.8759e-01,-7.8705e-01,-7.8616e-01,-7.8499e-01,-7.8359e-01,-7.8200e-01,-7.8027e-01,-7.7844e-01,-7.7652e-01,-7.7454e-01,-7.7250e-01,-7.7042e-01,-7.6829e-01,-7.6613e-01,-7.6394e-01,-7.6175e-01,-7.5961e-01,-7.5759e-01,-7.5576e-01,-7.5418e-01,-7.5284e-01,-7.5161e-01,-7.5015e-01,-7.4784e-01,-7.4397e-01,-7.3800e-01,-7.3029e-01,-7.2230e-01,-7.1546e-01,-7.0870e-01,-6.9697e-01
