8.2426e-02,7.7163e-02,7.2387e-02,6.8122e-02,6.4396e-02,6.1238e-02,5.8680e-02,5.6758e-02,5.5511e-02,5.4982e-02,5.5215e-02,5.6256e-02,5.8153e-02,6.0947e-02,6.4676e-02,6.9363e-02,7.5013e-02,8.1600e-02,8.9058e-02,9.7265e-02,1.0603e-01,1.1509e-01,1.2408e-01,1.3255e-01,1.3998e-01,1.4583e-01,1.4954e-01,1.5063e-01,1.4877e-01,1.4379e-01,1.3572e-01,1.2481e-01,1.1146e-01,9.6208e-02,7.9625e-02,6.2299e-02,4.4778e-02,2.7544e-02,1.1005e-02,-4.5083e-03,-1.8723e-02,-3.1413e-02,-4.2377e-02,-5.1433e-02,-5.8414e-02,-6.3177e-02,-6.5632e-02,-6.5764e-02,-6.3661e-02,-5.9527e-02,-5.3681e-02,-4.6535e-02,-3.8558e-02,-3.0222e-02,-2.1958e-02,-1.4108e-02,-6.8987e-03,-4.2899e-04,5.3268e-03,1.0502e-02,1.5312e-02,2.0033e-02,2.4977e-02,3.0469e-02,3.6835e-02,4.4385e-02,5.3409e-02,6.4164e-02,7.6865e-02,9.1685e-02,1.0874e-01,1.2808e-01,1.4969e-01,1.7347e-01,1.9927e-01,2.2681e-01,2.5578e-01,2.8577e-01,3.1630e-01,3.4687e-01,3.7691e-01,4.0588e-01,4.3321e-01,4.5842e-01,4.8103e-01,5.0070e-01,5.1712e-01,5.3014e-01,5.3966e-01,5.4571e-01,5.4840e-01,5.4788e-01,5.4440e-01,5.3822e-01,5.2963e-01,5.1894e-01,5.0645e-01,4.9245e-01,4.7723e-01,4.6106e-01
8.1814e-02,7.7322e-02,7.3345e-02,6.9906e-02,6.7030e-02,6.4746e-02,6.3083e-02,6.2076e-02,6.1758e-02,6.2166e-02,6.3338e-02,6.5310e-02,6.8115e-02,7.1782e-02,7.6324e-02,8.1741e-02,8.8004e-02,9.5052e-02,1.0277e-01,1.1100e-01,1.1950e-01,1.2796e-01,1.3597e-01,1.4308e-01,1.4878e-01,1.5256e-01,1.5393e-01,1.5254e-01,1.4815e-01,1.4073e-01,1.3043e-01,1.1758e-01,1.0263e-01,8.6134e-02,6.8660e-02,5.0772e-02,3.2981e-02,1.5731e-02,-6.0654e-04,-1.5729e-02,-2.9388e-02,-4.1370e-02,-5.1490e-02,-5.9577e-02,-6.5487e-02,-6.9118e-02,-7.0434e-02,-6.9491e-02,-6.6460e-02,-6.1623e-02,-5.5368e-02,-4.8151e-02,-4.0451e-02,-3.2723e-02,-2.5355e-02,-1.8626e-02,-1.2699e-02,-7.6112e-03,-3.2885e-03,4.3413e-04,3.7899e-03,7.0582e-03,1.0544e-02,1.4564e-02,1.9430e-02,2.5447e-02,3.2897e-02,4.2041e-02,5.3105e-02,6.6277e-02,8.1698e-02,9.9454e-02,1.1957e-01,1.4200e-01,1.6662e-01,1.9324e-01,2.2157e-01,2.5127e-01,2.8190e-01,3.1300e-01,3.4402e-01,3.7444e-01,4.0368e-01,4.3123e-01,4.5659e-01,4.7934e-01,4.9913e-01,5.1572e-01,5.2893e-01,5.3872e-01,5.4510e-01,5.4816e-01,5.4809e-01,5.4507e-01,5.3937e-01,5.3126e-01,5.2102e-01,5.0895e-01,4.9534e-01,4.8046e-01
8.2845e-02,7.9194e-02,7.6085e-02,7.3539e-02,7.1580e-02,7.0233e-02,6.9524e-02,6.9482e-02,7.0133e-02,7.1507e-02,7.3628e-02,7.6518e-02,8.0192e-02,8.4654e-02,8.9891e-02,9.5868e-02,1.0252e-01,1.0974e-01,1.1737e-01,1.2521e-01,1.3296e-01,1.4030e-01,1.4681e-01,1.5205e-01,1.5556e-01,1.5690e-01,1.5571e-01,1.5174e-01,1.4490e-01,1.3527e-01,1.2307e-01,1.0869e-01,9.2614e-02,7.5359e-02,5.7472e-02,3.9470e-02,2.1814e-02,4.9050e-03,-1.0924e-02,-2.5397e-02,-3.8283e-02,-4.9380e-02,-5.8512e-02,-6.5524e-02,-7.0298e-02,-7.2774e-02,-7.2975e-02,-7.1029e-02,-6.7182e-02,-6.1784e-02,-5.5269e-02,-4.8116e-02,-4.0796e-02,-3.3731e-02,-2.7256e-02,-2.1593e-02,-1.6844e-02,-1.2999e-02,-9.9506e-03,-7.5159e-03,-5.4561e-03,-3.4968e-03,-1.3445e-03,1.3026e-03,4.7450e-03,9.2752e-03,1.5172e-02,2.2694e-02,3.2076e-02,4.3518e-02,5.7183e-02,7.3184e-02,9.1576e-02,1.1235e-01,1.3544e-01,1.6068e-01,1.8786e-01,2.1665e-01,2.4668e-01,2.7752e-01,3.0867e-01,3.3961e-01,3.6980e-01,3.9870e-01,4.2582e-01,4.5071e-01,4.7299e-01,4.9235e-01,5.0859e-01,5.2158e-01,5.3126e-01,5.3767e-01,5.4090e-01,5.4109e-01,5.3844e-01,5.3317e-01,5.2554e-01,5.1580e-01,5.0425e-01,4.9115e-01
8.5704e-02,8.2972e-02,8.0806e-02,7.9228e-02,7.8255e-02,7.7907e-02,7.8205e-02,7.9166e-02,8.0808e-02,8.3144e-02,8.6182e-02,8.9921e-02,9.4352e-02,9.9446e-02,1.0516e-01,1.1141e-01,1.1809e-01,1.2506e-01,1.3212e-01,1.3902e-01,1.4546e-01,1.5111e-01,1.5557e-01,1.5847e-01,1.5942e-01,1.5811e-01,1.5429e-01,1.4785e-01,1.3881e-01,1.2733e-01,1.1370e-01,9.8313e-02,8.1623e-02,6.4122e-02,4.6298e-02,2.8607e-02,1.1458e-02,-4.7952e-03,-1.9853e-02,-3.3460e-02,-4.5398e-02,-5.5472e-02,-6.3513e-02,-6.9382e-02,-7.2992e-02,-7.4327e-02,-7.3473e-02,-7.0626e-02,-6.6094e-02,-6.0280e-02,-5.3647e-02,-4.6674e-02,-3.9811e-02,-3.3435e-02,-2.7828e-02,-2.3155e-02,-1.9473e-02,-1.6734e-02,-1.4811e-02,-1.3513e-02,-1.2603e-02,-1.1818e-02,-1.0879e-02,-9.4999e-03,-7.3950e-03,-4.2828e-03,1.0880e-04,6.0376e-03,1.3741e-02,2.3431e-02,3.5283e-02,4.9431e-02,6.5960e-02,8.4894e-02,1.0619e-01,1.2974e-01,1.5535e-01,1.8276e-01,2.1164e-01,2.4157e-01,2.7212e-01,3.0277e-01,3.3301e-01,3.6234e-01,3.9025e-01,4.1631e-01,4.4011e-01,4.6134e-01,4.7976e-01,4.9519e-01,5.0753e-01,5.1677e-01,5.2292e-01,5.2607e-01,5.2635e-01,5.2393e-01,5.1900e-01,5.1181e-01,5.0260e-01,4.9164e-01
9.0507e-02,8.8778e-02,8.7638e-02,8.7099e-02,8.7175e-02,8.7875e-02,8.9206e-02,9.1173e-02,9.3774e-02,9.7002e-02,1.0084e-01,1.0526e-01,1.1021e-01,1.1563e-01,1.2144e-01,1.2752e-01,1.3372e-01,1.3986e-01,1.4573e-01,1.5106e-01,1.5558e-01,1.5898e-01,1.6094e-01,1.6116e-01,1.5938e-01,1.5541e-01,1.4913e-01,1.4054e-01,1.2975e-01,1.1695e-01,1.0245e-01,8.6625e-02,6.9878e-02,5.2640e-02,3.5331e-02,1.8342e-02,2.0290e-03,-1.3297e-02,-2.7364e-02,-3.9931e-02,-5.0784e-02,-5.9733e-02,-6.6614e-02,-7.1308e-02,-7.3760e-02,-7.4005e-02,-7.2186e-02,-6.8559e-02,-6.3484e-02,-5.7399e-02,-5.0776e-02,-4.4081e-02,-3.7726e-02,-3.2044e-02,-2.7262e-02,-2.3499e-02,-2.0773e-02,-1.9012e-02,-1.8077e-02,-1.7776e-02,-1.7881e-02,-1.8144e-02,-1.8302e-02,-1.8085e-02,-1.7221e-02,-1.5440e-02,-1.2479e-02,-8.0830e-03,-2.0132e-03,5.9470e-03,1.5985e-02,2.8250e-02,4.2847e-02,5.9825e-02,7.9171e-02,1.0081e-01,1.2458e-01,1.5026e-01,1.7755e-01,2.0608e-01,2.3543e-01,2.6513e-01,2.9470e-01,3.2364e-01,3.5149e-01,3.7780e-01,4.0220e-01,4.2437e-01,4.4407e-01,4.6109e-01,4.7533e-01,4.8670e-01,4.9520e-01,5.0084e-01,5.0370e-01,5.0389e-01,5.0156e-01,4.9689e-01,4.9011e-01,4.8144e-01
9.7302e-02,9.6658e-02,9.6611e-02,9.7165e-02,9.8316e-02,1.0006e-01,1.0238e-01,1.0527e-01,1.0869e-01,1.1260e-01,1.1697e-01,1.2171e-01,1.2676e-01,1.3201e-01,1.3734e-01,1.4260e-01,1.4764e-01,1.5226e-01,1.5625e-01,1.5938e-01,1.6143e-01,1.6216e-01,1.6136e-01,1.5883e-01,1.5444e-01,1.4810e-01,1.3981e-01,1.2963e-01,1.1769e-01,1.0423e-01,8.9512e-02,7.3853e-02,5.7602e-02,4.1113e-02,2.4733e-02,8.7931e-03,-6.4032e-03,-2.0577e-02,-3.3475e-02,-4.4865e-02,-5.4532e-02,-6.2285e-02,-6.7970e-02,-7.1488e-02,-7.2822e-02,-7.2054e-02,-6.9381e-02,-6.5111e-02,-5.9640e-02,-5.3422e-02,-4.6923e-02,-4.0582e-02,-3.4770e-02,-2.9771e-02,-2.5764e-02,-2.2828e-02,-2.0953e-02,-2.0051e-02,-1.9979e-02,-2.0549e-02,-2.1548e-02,-2.2740e-02,-2.3880e-02,-2.4715e-02,-2.4987e-02,-2.4439e-02,-2.2815e-02,-1.9866e-02,-1.5355e-02,-9.0630e-03,-7.9682e-04,9.6046e-03,2.2260e-02,3.7238e-02,5.4551e-02,7.4143e-02,9.5892e-02,1.1960e-01,1.4500e-01,1.7176e-01,1.9947e-01,2.2772e-01,2.5602e-01,2.8393e-01,3.1099e-01,3.3680e-01,3.6100e-01,3.8328e-01,4.0342e-01,4.2122e-01,4.3656e-01,4.4934e-01,4.5951e-01,4.6705e-01,4.7199e-01,4.7440e-01,4.7436e-01,4.7201e-01,4.6754e-01,4.6113e-01
1.0606e-01,1.0655e-01,1.0761e-01,1.0923e-01,1.1139e-01,1.1405e-01,1.1717e-01,1.2071e-01,1.2459e-01,1.2876e-01,1.3313e-01,1.3760e-01,1.4205e-01,1.4638e-01,1.5044e-01,1.5410e-01,1.5720e-01,1.5958e-01,1.6108e-01,1.6155e-01,1.6083e-01,1.5880e-01,1.5534e-01,1.5036e-01,1.4383e-01,1.3575e-01,1.2614e-01,1.1512e-01,1.0281e-01,8.9418e-02,7.5152e-02,6.0267e-02,4.5035e-02,2.9734e-02,1.4647e-02,4.5929e-05,-1.3803e-02,-2.6646e-02,-3.8238e-02,-4.8347e-02,-5.6755e-02,-6.3271e-02,-6.7752e-02,-7.0123e-02,-7.0404e-02,-6.8724e-02,-6.5328e-02,-6.0559e-02,-5.4835e-02,-4.8611e-02,-4.2334e-02,-3.6406e-02,-3.1155e-02,-2.6817e-02,-2.3530e-02,-2.1341e-02,-2.0220e-02,-2.0071e-02,-2.0750e-02,-2.2080e-02,-2.3859e-02,-2.5869e-02,-2.7881e-02,-2.9657e-02,-3.0956e-02,-3.1530e-02,-3.1135e-02,-2.9529e-02,-2.6478e-02,-2.1766e-02,-1.5196e-02,-6.6013e-03,4.1484e-03,1.7136e-02,3.2391e-02,4.9881e-02,6.9507e-02,9.1098e-02,1.1441e-01,1.3914e-01,1.6491e-01,1.9132e-01,2.1794e-01,2.4432e-01,2.7005e-01,2.9474e-01,3.1809e-01,3.3980e-01,3.5967e-01,3.7754e-01,3.9327e-01,4.0677e-01,4.1796e-01,4.2682e-01,4.3331e-01,4.3745e-01,4.3930e-01,4.3895e-01,4.3652e-01,4.3219e-01
1.1661e-01,1.1817e-01,1.2021e-01,1.2271e-01,1.2558e-01,1.2879e-01,1.3223e-01,1.3584e-01,1.3952e-01,1.4317e-01,1.4669e-01,1.4997e-01,1.5290e-01,1.5537e-01,1.5728e-01,1.5852e-01,1.5901e-01,1.5866e-01,1.5737e-01,1.5510e-01,1.5177e-01,1.4734e-01,1.4178e-01,1.3508e-01,1.2724e-01,1.1829e-01,1.0829e-01,9.7316e-02,8.5472e-02,7.2893e-02,5.9737e-02,4.6185e-02,3.2434e-02,1.8697e-02,5.1982e-03,-7.8319e-03,-2.0156e-02,-3.1533e-02,-4.1719e-02,-5.0476e-02,-5.7581e-02,-6.2846e-02,-6.6140e-02,-6.7418e-02,-6.6736e-02,-6.4264e-02,-6.0282e-02,-5.5159e-02,-4.9319e-02,-4.3203e-02,-3.7228e-02,-3.1757e-02,-2.7072e-02,-2.3367e-02,-2.0745e-02,-1.9229e-02,-1.8774e-02,-1.9281e-02,-2.0613e-02,-2.2601e-02,-2.5058e-02,-2.7781e-02,-3.0558e-02,-3.3166e-02,-3.5378e-02,-3.6959e-02,-3.7676e-02,-3.7297e-02,-3.5594e-02,-3.2354e-02,-2.7381e-02,-2.0506e-02,-1.1592e-02,-5.4543e-04,1.2677e-02,2.8060e-02,4.5525e-02,6.4923e-02,8.6036e-02,1.0858e-01,1.3221e-01,1.5654e-01,1.8116e-01,2.0566e-01,2.2966e-01,2.5280e-01,2.7480e-01,2.9542e-01,3.1448e-01,3.3184e-01,3.4738e-01,3.6103e-01,3.7269e-01,3.8231e-01,3.8984e-01,3.9526e-01,3.9858e-01,3.9985e-01,3.9915e-01,3.9662e-01
1.2842e-01,1.3075e-01,1.3337e-01,1.3621e-01,1.3916e-01,1.4212e-01,1.4500e-01,1.4769e-01,1.5009e-01,1.5210e-01,1.5363e-01,1.5463e-01,1.5502e-01,1.5475e-01,1.5380e-01,1.5215e-01,1.4977e-01,1.4668e-01,1.4286e-01,1.3832e-01,1.3307e-01,1.2711e-01,1.2043e-01,1.1306e-01,1.0499e-01,9.6248e-02,8.6849e-02,7.6835e-02,6.6258e-02,5.5190e-02,4.3725e-02,3.1977e-02,2.0081e-02,8.1984e-03,-3.4911e-03,-1.4785e-02,-2.5461e-02,-3.5280e-02,-4.3994e-02,-5.1356e-02,-5.7140e-02,-6.1164e-02,-6.3316e-02,-6.3576e-02,-6.2038e-02,-5.8904e-02,-5.4480e-02,-4.9143e-02,-4.3311e-02,-3.7401e-02,-3.1794e-02,-2.6809e-02,-2.2686e-02,-1.9582e-02,-1.7572e-02,-1.6661e-02,-1.6795e-02,-1.7876e-02,-1.9772e-02,-2.2328e-02,-2.5368e-02,-2.8707e-02,-3.2146e-02,-3.5479e-02,-3.8490e-02,-4.0961e-02,-4.2669e-02,-4.3392e-02,-4.2914e-02,-4.1026e-02,-3.7535e-02,-3.2274e-02,-2.5103e-02,-1.5919e-02,-4.6707e-03,8.6431e-03,2.3959e-02,4.1148e-02,6.0013e-02,8.0289e-02,1.0166e-01,1.2375e-01,1.4619e-01,1.6859e-01,1.9059e-01,2.1187e-01,2.3219e-01,2.5134e-01,2.6918e-01,2.8561e-01,3.0053e-01,3.1387e-01,3.2555e-01,3.3551e-01,3.4365e-01,3.4994e-01,3.5434e-01,3.5687e-01,3.5757e-01,3.5654e-01
1.4020e-01,1.4258e-01,1.4490e-01,1.4707e-01,1.4894e-01,1.5042e-01,1.5141e-01,1.5183e-01,1.5162e-01,1.5075e-01,1.4920e-01,1.4698e-01,1.4414e-01,1.4071e-01,1.3676e-01,1.3234e-01,1.2751e-01,1.2233e-01,1.1684e-01,1.1108e-01,1.0505e-01,9.8759e-02,9.2202e-02,8.5357e-02,7.8199e-02,7.0701e-02,6.2838e-02,5.4597e-02,4.5972e-02,3.6979e-02,2.7653e-02,1.8055e-02,8.2766e-03,-1.5613e-03,-1.1304e-02,-2.0763e-02,-2.9720e-02,-3.7931e-02,-4.5140e-02,-5.1093e-02,-5.5564e-02,-5.8381e-02,-5.9453e-02,-5.8792e-02,-5.6517e-02,-5.2858e-02,-4.8132e-02,-4.2713e-02,-3.7000e-02,-3.1377e-02,-2.6187e-02,-2.1707e-02,-1.8137e-02,-1.5602e-02,-1.4155e-02,-1.3788e-02,-1.4443e-02,-1.6024e-02,-1.8408e-02,-2.1450e-02,-2.4989e-02,-2.8852e-02,-3.2856e-02,-3.6808e-02,-4.0508e-02,-4.3751e-02,-4.6328e-02,-4.8029e-02,-4.8648e-02,-4.7985e-02,-4.5854e-02,-4.2089e-02,-3.6550e-02,-2.9132e-02,-1.9772e-02,-8.4609e-03,4.7549e-03,1.9762e-02,3.6383e-02,5.4372e-02,7.3431e-02,9.3217e-02,1.1337e-01,1.3353e-01,1.5337e-01,1.7260e-01,1.9101e-01,2.0845e-01,2.2480e-01,2.4000e-01,2.5398e-01,2.6670e-01,2.7807e-01,2.8801e-01,2.9644e-01,3.0327e-01,3.0844e-01,3.1192e-01,3.1372e-01,3.1391e-01
1.4934e-01,1.5050e-01,1.5113e-01,1.5113e-01,1.5039e-01,1.4886e-01,1.4652e-01,1.4336e-01,1.3944e-01,1.3484e-01,1.2964e-01,1.2398e-01,1.1797e-01,1.1174e-01,1.0542e-01,9.9106e-02,9.2883e-02,8.6812e-02,8.0930e-02,7.5247e-02,6.9747e-02,6.4397e-02,5.9142e-02,5.3915e-02,4.8640e-02,4.3240e-02,3.7638e-02,3.1767e-02,2.5573e-02,1.9023e-02,1.2110e-02,4.8577e-03,-2.6732e-03,-1.0382e-02,-1.8126e-02,-2.5720e-02,-3.2939e-02,-3.9533e-02,-4.5235e-02,-4.9790e-02,-5.2978e-02,-5.4644e-02,-5.4722e-02,-5.3246e-02,-5.0364e-02,-4.6317e-02,-4.1421e-02,-3.6039e-02,-3.0541e-02,-2.5273e-02,-2.0537e-02,-1.6570e-02,-1.3540e-02,-1.1542e-02,-1.0614e-02,-1.0738e-02,-1.1854e-02,-1.3872e-02,-1.6676e-02,-2.0132e-02,-2.4091e-02,-2.8394e-02,-3.2871e-02,-3.7343e-02,-4.1626e-02,-4.5528e-02,-4.8854e-02,-5.1409e-02,-5.2997e-02,-5.3431e-02,-5.2532e-02,-5.0139e-02,-4.6114e-02,-4.0350e-02,-3.2779e-02,-2.3381e-02,-1.2191e-02,6.9324e-04,1.5110e-02,3.0835e-02,4.7588e-02,6.5048e-02,8.2876e-02,1.0074e-01,1.1833e-01,1.3541e-01,1.5180e-01,1.6737e-01,1.8206e-01,1.9584e-01,2.0868e-01,2.2054e-01,2.3137e-01,2.4106e-01,2.4952e-01,2.5664e-01,2.6232e-01,2.6651e-01,2.6918e-01,2.7034e-01
1.5183e-01,1.5011e-01,1.4739e-01,1.4364e-01,1.3885e-01,1.3310e-01,1.2648e-01,1.1914e-01,1.1125e-01,1.0298e-01,9.4544e-02,8.6118e-02,7.7880e-02,6.9984e-02,6.2555e-02,5.5684e-02,4.9431e-02,4.3821e-02,3.8845e-02,3.4465e-02,3.0615e-02,2.7209e-02,2.4141e-02,2.1293e-02,1.8541e-02,1.5758e-02,1.2826e-02,9.6320e-03,6.0856e-03,2.1191e-03,-2.3038e-03,-7.1820e-03,-1.2470e-02,-1.8075e-02,-2.3853e-02,-2.9614e-02,-3.5125e-02,-4.0127e-02,-4.4350e-02,-4.7545e-02,-4.9505e-02,-5.0097e-02,-4.9278e-02,-4.7108e-02,-4.3749e-02,-3.9445e-02,-3.4505e-02,-2.9264e-02,-2.4059e-02,-1.9199e-02,-1.4944e-02,-1.1494e-02,-8.9857e-03,-7.4960e-03,-7.0469e-03,-7.6154e-03,-9.1429e-03,-1.1543e-02,-1.4707e-02,-1.8513e-02,-2.2821e-02,-2.7486e-02,-3.2350e-02,-3.7250e-02,-4.2014e-02,-4.6467e-02,-5.0428e-02,-5.3716e-02,-5.6151e-02,-5.7556e-02,-5.7762e-02,-5.6615e-02,-5.3981e-02,-4.9754e-02,-4.3860e-02,-3.6273e-02,-2.7017e-02,-1.6176e-02,-3.8938e-03,9.6218e-03,2.4110e-02,3.9270e-02,5.4785e-02,7.0344e-02,8.5676e-02,1.0056e-01,1.1486e-01,1.2850e-01,1.4144e-01,1.5369e-01,1.6526e-01,1.7613e-01,1.8624e-01,1.9551e-01,2.0382e-01,2.1104e-01,2.1706e-01,2.2176e-01,2.2510e-01,2.2705e-01
1.4328e-01,1.3720e-01,1.2987e-01,1.2142e-01,1.1199e-01,1.0180e-01,9.1073e-02,8.0059e-02,6.9010e-02,5.8168e-02,4.7756e-02,3.7968e-02,2.8962e-02,2.0860e-02,1.3746e-02,7.6607e-03,2.6111e-03,-1.4339e-03,-4.5362e-03,-6.7852e-03,-8.2946e-03,-9.1980e-03,-9.6427e-03,-9.7869e-03,-9.7925e-03,-9.8207e-03,-1.0025e-02,-1.0546e-02,-1.1501e-02,-1.2979e-02,-1.5032e-02,-1.7669e-02,-2.0848e-02,-2.4473e-02,-2.8394e-02,-3.2411e-02,-3.6285e-02,-3.9754e-02,-4.2555e-02,-4.4452e-02,-4.5260e-02,-4.4871e-02,-4.3268e-02,-4.0528e-02,-3.6821e-02,-3.2386e-02,-2.7511e-02,-2.2501e-02,-1.7656e-02,-1.3243e-02,-9.4852e-03,-6.5495e-03,-4.5477e-03,-3.5384e-03,-3.5338e-03,-4.5077e-03,-6.4026e-03,-9.1367e-03,-1.2610e-02,-1.6707e-02,-2.1301e-02,-2.6257e-02,-3.1431e-02,-3.6671e-02,-4.1823e-02,-4.6725e-02,-5.1214e-02,-5.5122e-02,-5.8286e-02,-6.0540e-02,-6.1728e-02,-6.1704e-02,-6.0339e-02,-5.7528e-02,-5.3196e-02,-4.7310e-02,-3.9884e-02,-3.0989e-02,-2.0756e-02,-9.3727e-03,2.9177e-03,1.5835e-02,2.9084e-02,4.2378e-02,5.5471e-02,6.8180e-02,8.0394e-02,9.2072e-02,1.0323e-01,1.1390e-01,1.2413e-01,1.3391e-01,1.4321e-01,1.5194e-01,1.5997e-01,1.6717e-01,1.7337e-01,1.7845e-01,1.8231e-01,1.8489e-01
1.2113e-01,1.1011e-01,9.8019e-02,8.5119e-02,7.1691e-02,5.8036e-02,4.4453e-02,3.1224e-02,1.8607e-02,6.8270e-03,-3.9304e-03,-1.3522e-02,-2.1846e-02,-2.8844e-02,-3.4495e-02,-3.8816e-02,-4.1859e-02,-4.3703e-02,-4.4453e-02,-4.4239e-02,-4.3209e-02,-4.1524e-02,-3.9360e-02,-3.6898e-02,-3.4324e-02,-3.1819e-02,-2.9556e-02,-2.7690e-02,-2.6354e-02,-2.5645e-02,-2.5620e-02,-2.6286e-02,-2.7597e-02,-2.9447e-02,-3.1680e-02,-3.4088e-02,-3.6432e-02,-3.8457e-02,-3.9918e-02,-4.0602e-02,-4.0353e-02,-3.9092e-02,-3.6825e-02,-3.3641e-02,-2.9711e-02,-2.5258e-02,-2.0544e-02,-1.5840e-02,-1.1405e-02,-7.4695e-03,-4.2189e-03,-1.7924e-03,-2.7999e-04,2.7346e-04,-1.3669e-04,-1.4819e-03,-3.7066e-03,-6.7336e-03,-1.0470e-02,-1.4807e-02,-1.9630e-02,-2.4813e-02,-3.0224e-02,-3.5727e-02,-4.1181e-02,-4.6440e-02,-5.1356e-02,-5.5781e-02,-5.9562e-02,-6.2552e-02,-6.4605e-02,-6.5586e-02,-6.5370e-02,-6.3856e-02,-6.0969e-02,-5.6670e-02,-5.0966e-02,-4.3913e-02,-3.5629e-02,-2.6286e-02,-1.6107e-02,-5.3525e-03,5.7016e-03,1.6794e-02,2.7706e-02,3.8280e-02,4.8442e-02,5.8187e-02,6.7565e-02,7.6648e-02,8.5501e-02,9.4153e-02,1.0258e-01,1.1069e-01,1.1837e-01,1.2544e-01,1.3173e-01,1.3707e-01,1.4134e-01,1.4445e-01
8.6405e-02,7.1152e-02,5.5369e-02,3.9395e-02,2.3564e-02,8.1876e-03,-6.4493e-03,-2.0102e-02,-3.2567e-02,-4.3687e-02,-5.3350e-02,-6.1484e-02,-6.8061e-02,-7.3086e-02,-7.6599e-02,-7.8668e-02,-7.9385e-02,-7.8865e-02,-7.7241e-02,-7.4665e-02,-7.1300e-02,-6.7321e-02,-6.2914e-02,-5.8269e-02,-5.3577e-02,-4.9027e-02,-4.4796e-02,-4.1042e-02,-3.7896e-02,-3.5454e-02,-3.3765e-02,-3.2827e-02,-3.2583e-02,-3.2920e-02,-3.3672e-02,-3.4637e-02,-3.5584e-02,-3.6278e-02,-3.6503e-02,-3.6080e-02,-3.4887e-02,-3.2874e-02,-3.0067e-02,-2.6564e-02,-2.2526e-02,-1.8156e-02,-1.3686e-02,-9.3485e-03,-5.3643e-03,-1.9252e-03,8.1360e-04,2.7386e-03,3.7775e-03,3.8970e-03,3.0983e-03,1.4106e-03,-1.1116e-03,-4.3957e-03,-8.3541e-03,-1.2887e-02,-1.7888e-02,-2.3240e-02,-2.8826e-02,-3.4521e-02,-4.0198e-02,-4.5730e-02,-5.0985e-02,-5.5829e-02,-6.0128e-02,-6.3748e-02,-6.6557e-02,-6.8430e-02,-6.9250e-02,-6.8919e-02,-6.7362e-02,-6.4537e-02,-6.0441e-02,-5.5122e-02,-4.8682e-02,-4.1276e-02,-3.3110e-02,-2.4425e-02,-1.5475e-02,-6.4996e-03,2.3065e-03,1.0818e-02,1.8989e-02,2.6849e-02,3.4483e-02,4.1996e-02,4.9481e-02,5.6989e-02,6.4508e-02,7.1961e-02,7.9210e-02,8.6081e-02,9.2375e-02,9.7901e-02,1.0250e-01,1.0604e-01
4.3593e-02,2.5739e-02,8.0655e-03,-9.0918e-03,-2.5431e-02,-4.0691e-02,-5.4660e-02,-6.7171e-02,-7.8104e-02,-8.7385e-02,-9.4978e-02,-1.0089e-01,-1.0514e-01,-1.0780e-01,-1.0896e-01,-1.0871e-01,-1.0717e-01,-1.0448e-01,-1.0078e-01,-9.6233e-02,-9.0999e-02,-8.5255e-02,-7.9182e-02,-7.2966e-02,-6.6792e-02,-6.0839e-02,-5.5275e-02,-5.0247e-02,-4.5872e-02,-4.2228e-02,-3.9350e-02,-3.7220e-02,-3.5767e-02,-3.4871e-02,-3.4370e-02,-3.4073e-02,-3.3772e-02,-3.3267e-02,-3.2379e-02,-3.0970e-02,-2.8959e-02,-2.6322e-02,-2.3102e-02,-1.9398e-02,-1.5357e-02,-1.1160e-02,-7.0010e-03,-3.0778e-03,4.2772e-04,3.3572e-03,5.5844e-03,7.0169e-03,7.5978e-03,7.3030e-03,6.1379e-03,4.1334e-03,1.3418e-03,-2.1683e-03,-6.3139e-03,-1.1003e-02,-1.6136e-02,-2.1608e-02,-2.7311e-02,-3.3135e-02,-3.8969e-02,-4.4700e-02,-5.0212e-02,-5.5390e-02,-6.0115e-02,-6.4269e-02,-6.7734e-02,-7.0394e-02,-7.2143e-02,-7.2886e-02,-7.2549e-02,-7.1087e-02,-6.8489e-02,-6.4793e-02,-6.0088e-02,-5.4511e-02,-4.8253e-02,-4.1534e-02,-3.4588e-02,-2.7632e-02,-2.0837e-02,-1.4302e-02,-8.0432e-03,-1.9986e-03,3.9471e-03,9.9302e-03,1.6071e-02,2.2441e-02,2.9044e-02,3.5806e-02,4.2592e-02,4.9211e-02,5.5450e-02,6.1092e-02,6.5943e-02,6.9854e-02
-1.3564e-03,-1.9899e-02,-3.7583e-02,-5.4137e-02,-6.9338e-02,-8.3013e-02,-9.5039e-02,-1.0534e-01,-1.1387e-01,-1.2065e-01,-1.2569e-01,-1.2907e-01,-1.3086e-01,-1.3115e-01,-1.3007e-01,-1.2773e-01,-1.2426e-01,-1.1980e-01,-1.1450e-01,-1.0851e-01,-1.0199e-01,-9.5111e-02,-8.8031e-02,-8.0923e-02,-7.3954e-02,-6.7283e-02,-6.1053e-02,-5.5385e-02,-5.0369e-02,-4.6056e-02,-4.2457e-02,-3.9532e-02,-3.7202e-02,-3.5345e-02,-3.3811e-02,-3.2433e-02,-3.1041e-02,-2.9477e-02,-2.7613e-02,-2.5355e-02,-2.2659e-02,-1.9530e-02,-1.6020e-02,-1.2227e-02,-8.2790e-03,-4.3283e-03,-5.3662e-04,2.9365e-03,5.9437e-03,8.3575e-03,1.0076e-02,1.1026e-02,1.1164e-02,1.0472e-02,8.9612e-03,6.6618e-03,3.6250e-03,-8.3315e-05,-4.3853e-03,-9.1953e-03,-1.4421e-02,-1.9969e-02,-2.5741e-02,-3.1641e-02,-3.7571e-02,-4.3435e-02,-4.9135e-02,-5.4571e-02,-5.9641e-02,-6.4243e-02,-6.8272e-02,-7.1626e-02,-7.4204e-02,-7.5919e-02,-7.6698e-02,-7.6491e-02,-7.5284e-02,-7.3103e-02,-7.0022e-02,-6.6166e-02,-6.1706e-02,-5.6843e-02,-5.1793e-02,-4.6752e-02,-4.1865e-02,-3.7208e-02,-3.2769e-02,-2.8459e-02,-2.4131e-02,-1.9622e-02,-1.4785e-02,-9.5300e-03,-3.8390e-03,2.2225e-03,8.5179e-03,1.4847e-02,2.0983e-02,2.6687e-02,3.1740e-02,3.5958e-02
-4.3083e-02,-6.0636e-02,-7.6806e-02,-9.1414e-02,-1.0433e-01,-1.1548e-01,-1.2481e-01,-1.3234e-01,-1.3811e-01,-1.4216e-01,-1.4459e-01,-1.4548e-01,-1.4496e-01,-1.4314e-01,-1.4015e-01,-1.3611e-01,-1.3116e-01,-1.2543e-01,-1.1907e-01,-1.1222e-01,-1.0502e-01,-9.7621e-02,-9.0173e-02,-8.2822e-02,-7.5705e-02,-6.8948e-02,-6.2658e-02,-5.6919e-02,-5.1781e-02,-4.7261e-02,-4.3338e-02,-3.9957e-02,-3.7029e-02,-3.4442e-02,-3.2069e-02,-2.9779e-02,-2.7449e-02,-2.4975e-02,-2.2279e-02,-1.9315e-02,-1.6074e-02,-1.2584e-02,-8.9041e-03,-5.1232e-03,-1.3506e-03,2.2908e-03,5.6728e-03,8.6702e-03,1.1167e-02,1.3064e-02,1.4280e-02,1.4760e-02,1.4468e-02,1.3396e-02,1.1557e-02,8.9819e-03,5.7217e-03,1.8390e-03,-2.5929e-03,-7.4939e-03,-1.2780e-02,-1.8365e-02,-2.4164e-02,-3.0093e-02,-3.6070e-02,-4.2012e-02,-4.7839e-02,-5.3466e-02,-5.8810e-02,-6.3784e-02,-6.8296e-02,-7.2256e-02,-7.5575e-02,-7.8167e-02,-7.9964e-02,-8.0913e-02,-8.0992e-02,-8.0220e-02,-7.8656e-02,-7.6411e-02,-7.3638e-02,-7.0521e-02,-6.7256e-02,-6.4017e-02,-6.0930e-02,-5.8046e-02,-5.5328e-02,-5.2661e-02,-4.9871e-02,-4.6768e-02,-4.3185e-02,-3.9010e-02,-3.4213e-02,-2.8851e-02,-2.3062e-02,-1.7048e-02,-1.1052e-02,-5.3305e-03,-1.2526e-04,4.3539e-03
-7.7883e-02,-9.3234e-02,-1.0687e-01,-1.1871e-01,-1.2871e-01,-1.3688e-01,-1.4325e-01,-1.4789e-01,-1.5089e-01,-1.5234e-01,-1.5236e-01,-1.5107e-01,-1.4859e-01,-1.4506e-01,-1.4059e-01,-1.3533e-01,-1.2939e-01,-1.2291e-01,-1.1602e-01,-1.0885e-01,-1.0152e-01,-9.4172e-02,-8.6921e-02,-7.9882e-02,-7.3158e-02,-6.6833e-02,-6.0967e-02,-5.5596e-02,-5.0726e-02,-4.6336e-02,-4.2376e-02,-3.8777e-02,-3.5451e-02,-3.2306e-02,-2.9249e-02,-2.6194e-02,-2.3072e-02,-1.9834e-02,-1.6454e-02,-1.2930e-02,-9.2845e-03,-5.5612e-03,-1.8225e-03,1.8543e-03,5.3809e-03,8.6628e-03,1.1603e-02,1.4108e-02,1.6090e-02,1.7473e-02,1.8195e-02,1.8216e-02,1.7509e-02,1.6072e-02,1.3921e-02,1.1088e-02,7.6238e-03,3.5874e-03,-9.5103e-04,-5.9175e-03,-1.1235e-02,-1.6827e-02,-2.2619e-02,-2.8539e-02,-3.4520e-02,-4.0493e-02,-4.6395e-02,-5.2158e-02,-5.7714e-02,-6.2992e-02,-6.7916e-02,-7.2407e-02,-7.6383e-02,-7.9767e-02,-8.2491e-02,-8.4500e-02,-8.5769e-02,-8.6304e-02,-8.6153e-02,-8.5412e-02,-8.4216e-02,-8.2734e-02,-8.1140e-02,-7.9591e-02,-7.8191e-02,-7.6970e-02,-7.5870e-02,-7.4748e-02,-7.3409e-02,-7.1639e-02,-6.9249e-02,-6.6111e-02,-6.2181e-02,-5.7509e-02,-5.2229e-02,-4.6550e-02,-4.0722e-02,-3.5018e-02,-2.9700e-02,-2.5004e-02
-1.0382e-01,-1.1625e-01,-1.2683e-01,-1.3554e-01,-1.4244e-01,-1.4759e-01,-1.5107e-01,-1.5300e-01,-1.5350e-01,-1.5269e-01,-1.5069e-01,-1.4764e-01,-1.4366e-01,-1.3888e-01,-1.3343e-01,-1.2742e-01,-1.2099e-01,-1.1424e-01,-1.0731e-01,-1.0030e-01,-9.3323e-02,-8.6489e-02,-7.9888e-02,-7.3594e-02,-6.7667e-02,-6.2139e-02,-5.7020e-02,-5.2294e-02,-4.7923e-02,-4.3850e-02,-4.0006e-02,-3.6314e-02,-3.2703e-02,-2.9107e-02,-2.5477e-02,-2.1778e-02,-1.7997e-02,-1.4137e-02,-1.0220e-02,-6.2810e-03,-2.3665e-03,1.4687e-03,5.1646e-03,8.6569e-03,1.1879e-02,1.4762e-02,1.7239e-02,1.9242e-02,2.0709e-02,2.1584e-02,2.1825e-02,2.1399e-02,2.0291e-02,1.8504e-02,1.6056e-02,1.2982e-02,9.3305e-03,5.1589e-03,5.3323e-04,-4.4774e-03,-9.8033e-03,-1.5377e-02,-2.1134e-02,-2.7015e-02,-3.2964e-02,-3.8931e-02,-4.4865e-02,-5.0716e-02,-5.6433e-02,-6.1958e-02,-6.7231e-02,-7.2184e-02,-7.6745e-02,-8.0843e-02,-8.4411e-02,-8.7394e-02,-8.9759e-02,-9.1505e-02,-9.2667e-02,-9.3326e-02,-9.3600e-02,-9.3641e-02,-9.3607e-02,-9.3633e-02,-9.3808e-02,-9.4140e-02,-9.4548e-02,-9.4870e-02,-9.4890e-02,-9.4373e-02,-9.3111e-02,-9.0959e-02,-8.7862e-02,-8.3860e-02,-7.9087e-02,-7.3751e-02,-6.8113e-02,-6.2455e-02,-5.7061e-02,-5.2183e-02
-1.2040e-01,-1.2962e-01,-1.3700e-01,-1.4261e-01,-1.4654e-01,-1.4890e-01,-1.4982e-01,-1.4942e-01,-1.4785e-01,-1.4523e-01,-1.4169e-01,-1.3736e-01,-1.3236e-01,-1.2682e-01,-1.2085e-01,-1.1456e-01,-1.0807e-01,-1.0150e-01,-9.4946e-02,-8.8508e-02,-8.2276e-02,-7.6323e-02,-7.0705e-02,-6.5454e-02,-6.0576e-02,-5.6051e-02,-5.1835e-02,-4.7865e-02,-4.4064e-02,-4.0350e-02,-3.6644e-02,-3.2882e-02,-2.9015e-02,-2.5018e-02,-2.0887e-02,-1.6642e-02,-1.2321e-02,-7.9739e-03,-3.6614e-03,5.5352e-04,4.6084e-03,8.4439e-03,1.2006e-02,1.5245e-02,1.8115e-02,2.0571e-02,2.2570e-02,2.4068e-02,2.5026e-02,2.5405e-02,2.5176e-02,2.4318e-02,2.2824e-02,2.0701e-02,1.7972e-02,1.4672e-02,1.0847e-02,6.5558e-03,1.8593e-03,-3.1786e-03,-8.4948e-03,-1.4030e-02,-1.9730e-02,-2.5547e-02,-3.1439e-02,-3.7368e-02,-4.3301e-02,-4.9202e-02,-5.5035e-02,-6.0759e-02,-6.6327e-02,-7.1682e-02,-7.6764e-02,-8.1505e-02,-8.5842e-02,-8.9718e-02,-9.3095e-02,-9.5961e-02,-9.8339e-02,-1.0030e-01,-1.0194e-01,-1.0340e-01,-1.0481e-01,-1.0630e-01,-1.0794e-01,-1.0971e-01,-1.1152e-01,-1.1318e-01,-1.1447e-01,-1.1512e-01,-1.1491e-01,-1.1369e-01,-1.1138e-01,-1.0803e-01,-1.0375e-01,-9.8760e-02,-9.3323e-02,-8.7736e-02,-8.2294e-02,-7.7269e-02
-1.2810e-01,-1.3416e-01,-1.3851e-01,-1.4128e-01,-1.4259e-01,-1.4259e-01,-1.4140e-01,-1.3917e-01,-1.3602e-01,-1.3210e-01,-1.2751e-01,-1.2239e-01,-1.1683e-01,-1.1097e-01,-1.0491e-01,-9.8752e-02,-9.2609e-02,-8.6580e-02,-8.0755e-02,-7.5215e-02,-7.0019e-02,-6.5205e-02,-6.0785e-02,-5.6739e-02,-5.3020e-02,-4.9555e-02,-4.6249e-02,-4.2999e-02,-3.9703e-02,-3.6270e-02,-3.2629e-02,-2.8739e-02,-2.4589e-02,-2.0197e-02,-1.5612e-02,-1.0902e-02,-6.1480e-03,-1.4398e-03,3.1352e-03,7.4962e-03,1.1573e-02,1.5309e-02,1.8658e-02,2.1587e-02,2.4067e-02,2.6076e-02,2.7591e-02,2.8590e-02,2.9047e-02,2.8943e-02,2.8259e-02,2.6985e-02,2.5120e-02,2.2677e-02,1.9680e-02,1.6166e-02,1.2183e-02,7.7850e-03,3.0305e-03,-2.0213e-03,-7.3141e-03,-1.2796e-02,-1.8424e-02,-2.4159e-02,-2.9973e-02,-3.5842e-02,-4.1746e-02,-4.7665e-02,-5.3579e-02,-5.9462e-02,-6.5279e-02,-7.0986e-02,-7.6531e-02,-8.1853e-02,-8.6891e-02,-9.1586e-02,-9.5894e-02,-9.9795e-02,-1.0330e-01,-1.0646e-01,-1.0937e-01,-1.1214e-01,-1.1489e-01,-1.1774e-01,-1.2072e-01,-1.2382e-01,-1.2692e-01,-1.2982e-01,-1.3228e-01,-1.3401e-01,-1.3479e-01,-1.3444e-01,-1.3288e-01,-1.3013e-01,-1.2633e-01,-1.2169e-01,-1.1646e-01,-1.1096e-01,-1.0549e-01,-1.0035e-01
-1.2800e-01,-1.3119e-01,-1.3289e-01,-1.3326e-01,-1.3244e-01,-1.3056e-01,-1.2778e-01,-1.2422e-01,-1.2001e-01,-1.1526e-01,-1.1009e-01,-1.0460e-01,-9.8909e-02,-9.3117e-02,-8.7330e-02,-8.1650e-02,-7.6173e-02,-7.0988e-02,-6.6167e-02,-6.1764e-02,-5.7805e-02,-5.4284e-02,-5.1162e-02,-4.8367e-02,-4.5794e-02,-4.3321e-02,-4.0813e-02,-3.8142e-02,-3.5195e-02,-3.1890e-02,-2.8181e-02,-2.4064e-02,-1.9574e-02,-1.4778e-02,-9.7721e-03,-4.6678e-03,4.1739e-04,5.3692e-03,1.0083e-02,1.4472e-02,1.8465e-02,2.2014e-02,2.5084e-02,2.7656e-02,2.9720e-02,3.1271e-02,3.2303e-02,3.2809e-02,3.2781e-02,3.2210e-02,3.1088e-02,2.9414e-02,2.7194e-02,2.4445e-02,2.1195e-02,1.7481e-02,1.3350e-02,8.8559e-03,4.0536e-03,-1.0026e-03,-6.2623e-03,-1.1682e-02,-1.7226e-02,-2.2868e-02,-2.8590e-02,-3.4381e-02,-4.0236e-02,-4.6150e-02,-5.2117e-02,-5.8125e-02,-6.4152e-02,-7.0167e-02,-7.6126e-02,-8.1974e-02,-8.7651e-02,-9.3098e-02,-9.8264e-02,-1.0312e-01,-1.0767e-01,-1.1194e-01,-1.1602e-01,-1.2000e-01,-1.2399e-01,-1.2808e-01,-1.3230e-01,-1.3662e-01,-1.4090e-01,-1.4494e-01,-1.4847e-01,-1.5120e-01,-1.5288e-01,-1.5333e-01,-1.5247e-01,-1.5030e-01,-1.4696e-01,-1.4264e-01,-1.3763e-01,-1.3223e-01,-1.2675e-01,-1.2151e-01
-1.2152e-01,-1.2226e-01,-1.2180e-01,-1.2028e-01,-1.1784e-01,-1.1462e-01,-1.1075e-01,-1.0634e-01,-1.0151e-01,-9.6361e-02,-9.0996e-02,-8.5517e-02,-8.0025e-02,-7.4621e-02,-6.9406e-02,-6.4475e-02,-5.9914e-02,-5.5797e-02,-5.2172e-02,-4.9060e-02,-4.6445e-02,-4.4274e-02,-4.2451e-02,-4.0847e-02,-3.9310e-02,-3.7672e-02,-3.5774e-02,-3.3478e-02,-3.0680e-02,-2.7322e-02,-2.3399e-02,-1.8953e-02,-1.4067e-02,-8.8606e-03,-3.4715e-03,1.9543e-03,7.2744e-03,1.2359e-02,1.7100e-02,2.1410e-02,2.5228e-02,2.8514e-02,3.1251e-02,3.3432e-02,3.5063e-02,3.6152e-02,3.6706e-02,3.6734e-02,3.6237e-02,3.5218e-02,3.3677e-02,3.1622e-02,2.9064e-02,2.6024e-02,2.2533e-02,1.8630e-02,1.4362e-02,9.7803e-03,4.9374e-03,-1.1693e-04,-5.3380e-03,-1.0689e-02,-1.6144e-02,-2.1685e-02,-2.7307e-02,-3.3010e-02,-3.8802e-02,-4.4693e-02,-5.0691e-02,-5.6796e-02,-6.3003e-02,-6.9288e-02,-7.5618e-02,-8.1943e-02,-8.8205e-02,-9.4341e-02,-1.0030e-01,-1.0604e-01,-1.1154e-01,-1.1684e-01,-1.2200e-01,-1.2709e-01,-1.3221e-01,-1.3744e-01,-1.4280e-01,-1.4823e-01,-1.5360e-01,-1.5867e-01,-1.6317e-01,-1.6681e-01,-1.6932e-01,-1.7051e-01,-1.7028e-01,-1.6865e-01,-1.6573e-01,-1.6173e-01,-1.5693e-01,-1.5163e-01,-1.4616e-01,-1.4085e-01
-1.1013e-01,-1.0896e-01,-1.0685e-01,-1.0395e-01,-1.0039e-01,-9.6299e-02,-9.1779e-02,-8.6935e-02,-8.1864e-02,-7.6660e-02,-7.1417e-02,-6.6233e-02,-6.1205e-02,-5.6432e-02,-5.2009e-02,-4.8026e-02,-4.4557e-02,-4.1653e-02,-3.9334e-02,-3.7582e-02,-3.6333e-02,-3.5479e-02,-3.4868e-02,-3.4320e-02,-3.3638e-02,-3.2626e-02,-3.1115e-02,-2.8973e-02,-2.6122e-02,-2.2544e-02,-1.8282e-02,-1.3428e-02,-8.1188e-03,-2.5170e-03,3.2033e-03,8.8707e-03,1.4328e-02,1.9442e-02,2.4107e-02,2.8245e-02,3.1809e-02,3.4774e-02,3.7135e-02,3.8900e-02,4.0088e-02,4.0717e-02,4.0806e-02,4.0372e-02,3.9427e-02,3.7980e-02,3.6042e-02,3.3625e-02,3.0746e-02,2.7430e-02,2.3711e-02,1.9630e-02,1.5233e-02,1.0571e-02,5.6918e-03,6.4263e-04,-4.5375e-03,-9.8188e-03,-1.5182e-02,-2.0621e-02,-2.6138e-02,-3.1747e-02,-3.7468e-02,-4.3323e-02,-4.9335e-02,-5.5518e-02,-6.1878e-02,-6.8403e-02,-7.5067e-02,-8.1825e-02,-8.8622e-02,-9.5393e-02,-1.0208e-01,-1.0863e-01,-1.1502e-01,-1.2127e-01,-1.2741e-01,-1.3352e-01,-1.3968e-01,-1.4595e-01,-1.5234e-01,-1.5878e-01,-1.6512e-01,-1.7112e-01,-1.7650e-01,-1.8096e-01,-1.8422e-01,-1.8608e-01,-1.8643e-01,-1.8529e-01,-1.8277e-01,-1.7907e-01,-1.7446e-01,-1.6926e-01,-1.6382e-01,-1.5844e-01
-9.5299e-02,-9.2707e-02,-8.9445e-02,-8.5641e-02,-8.1404e-02,-7.6837e-02,-7.2031e-02,-6.7075e-02,-6.2053e-02,-5.7053e-02,-5.2165e-02,-4.7484e-02,-4.3107e-02,-3.9131e-02,-3.5650e-02,-3.2742e-02,-3.0465e-02,-2.8845e-02,-2.7867e-02,-2.7467e-02,-2.7527e-02,-2.7884e-02,-2.8334e-02,-2.8649e-02,-2.8603e-02,-2.7987e-02,-2.6637e-02,-2.4444e-02,-2.1370e-02,-1.7445e-02,-1.2763e-02,-7.4694e-03,-1.7474e-03,4.2029e-03,1.0180e-02,1.5998e-02,2.1493e-02,2.6536e-02,3.1032e-02,3.4919e-02,3.8164e-02,4.0759e-02,4.2714e-02,4.4049e-02,4.4791e-02,4.4969e-02,4.4609e-02,4.3734e-02,4.2363e-02,4.0513e-02,3.8199e-02,3.5440e-02,3.2258e-02,2.8682e-02,2.4747e-02,2.0498e-02,1.5979e-02,1.1239e-02,6.3268e-03,1.2833e-03,-3.8569e-03,-9.0700e-03,-1.4344e-02,-1.9681e-02,-2.5094e-02,-3.0607e-02,-3.6252e-02,-4.2065e-02,-4.8080e-02,-5.4326e-02,-6.0818e-02,-6.7557e-02,-7.4523e-02,-8.1677e-02,-8.8965e-02,-9.6319e-02,-1.0367e-01,-1.1097e-01,-1.1818e-01,-1.2529e-01,-1.3234e-01,-1.3939e-01,-1.4649e-01,-1.5370e-01,-1.6101e-01,-1.6836e-01,-1.7557e-01,-1.8241e-01,-1.8858e-01,-1.9377e-01,-1.9769e-01,-2.0015e-01,-2.0103e-01,-2.0034e-01,-1.9817e-01,-1.9474e-01,-1.9031e-01,-1.8522e-01,-1.7980e-01,-1.7438e-01
-7.8288e-02,-7.4750e-02,-7.0771e-02,-6.6453e-02,-6.1888e-02,-5.7156e-02,-5.2336e-02,-4.7502e-02,-4.2735e-02,-3.8117e-02,-3.3739e-02,-2.9697e-02,-2.6089e-02,-2.3013e-02,-2.0556e-02,-1.8785e-02,-1.7736e-02,-1.7405e-02,-1.7734e-02,-1.8609e-02,-1.9858e-02,-2.1264e-02,-2.2575e-02,-2.3532e-02,-2.3891e-02,-2.3446e-02,-2.2054e-02,-1.9645e-02,-1.6225e-02,-1.1879e-02,-6.7523e-03,-1.0382e-03,5.0425e-03,1.1261e-02,1.7398e-02,2.3262e-02,2.8692e-02,3.3569e-02,3.7814e-02,4.1381e-02,4.4255e-02,4.6445e-02,4.7973e-02,4.8871e-02,4.9172e-02,4.8913e-02,4.8123e-02,4.6830e-02,4.5059e-02,4.2830e-02,4.0164e-02,3.7084e-02,3.3618e-02,2.9796e-02,2.5658e-02,2.1248e-02,1.6613e-02,1.1799e-02,6.8532e-03,1.8133e-03,-3.2906e-03,-8.4400e-03,-1.3630e-02,-1.8870e-02,-2.4183e-02,-2.9602e-02,-3.5171e-02,-4.0938e-02,-4.6950e-02,-5.3246e-02,-5.9855e-02,-6.6786e-02,-7.4027e-02,-8.1545e-02,-8.9283e-02,-9.7176e-02,-1.0515e-01,-1.1313e-01,-1.2109e-01,-1.2900e-01,-1.3688e-01,-1.4477e-01,-1.5272e-01,-1.6078e-01,-1.6892e-01,-1.7707e-01,-1.8506e-01,-1.9264e-01,-1.9950e-01,-2.0533e-01,-2.0985e-01,-2.1284e-01,-2.1418e-01,-2.1388e-01,-2.1203e-01,-2.0884e-01,-2.0458e-01,-1.9958e-01,-1.9418e-01,-1.8872e-01
-6.0170e-02,-5.6078e-02,-5.1728e-02,-4.7202e-02,-4.2568e-02,-3.7894e-02,-3.3244e-02,-2.8690e-02,-2.4307e-02,-2.0180e-02,-1.6403e-02,-1.3075e-02,-1.0298e-02,-8.1668e-03,-6.7619e-03,-6.1337e-03,-6.2929e-03,-7.1970e-03,-8.7423e-03,-1.0762e-02,-1.3033e-02,-1.5287e-02,-1.7239e-02,-1.8608e-02,-1.9148e-02,-1.8674e-02,-1.7076e-02,-1.4331e-02,-1.0499e-02,-5.7146e-03,-1.7201e-04,5.8970e-03,1.2243e-02,1.8619e-02,2.4801e-02,3.0598e-02,3.5859e-02,4.0480e-02,4.4398e-02,4.7588e-02,5.0052e-02,5.1812e-02,5.2902e-02,5.3363e-02,5.3234e-02,5.2554e-02,5.1358e-02,4.9674e-02,4.7529e-02,4.4947e-02,4.1954e-02,3.8575e-02,3.4842e-02,3.0790e-02,2.6460e-02,2.1897e-02,1.7149e-02,1.2262e-02,7.2808e-03,2.2402e-03,-2.8333e-03,-7.9263e-03,-1.3040e-02,-1.8191e-02,-2.3410e-02,-2.8740e-02,-3.4237e-02,-3.9959e-02,-4.5964e-02,-5.2304e-02,-5.9017e-02,-6.6123e-02,-7.3616e-02,-8.1467e-02,-8.9622e-02,-9.8009e-02,-1.0655e-01,-1.1517e-01,-1.2381e-01,-1.3244e-01,-1.4107e-01,-1.4973e-01,-1.5845e-01,-1.6726e-01,-1.7614e-01,-1.8500e-01,-1.9367e-01,-2.0189e-01,-2.0936e-01,-2.1575e-01,-2.2078e-01,-2.2422e-01,-2.2597e-01,-2.2601e-01,-2.2443e-01,-2.2146e-01,-2.1734e-01,-2.1242e-01,-2.0704e-01,-2.0155e-01
-4.1778e-02,-3.7437e-02,-3.2976e-02,-2.8455e-02,-2.3930e-02,-1.9455e-02,-1.5090e-02,-1.0904e-02,-6.9746e-03,-3.3918e-03,-2.5522e-04,2.3307e-03,4.2620e-03,5.4469e-03,5.8168e-03,5.3410e-03,4.0407e-03,2.0001e-03,-6.2875e-04,-3.6268e-03,-6.7213e-03,-9.6060e-03,-1.1970e-02,-1.3528e-02,-1.4050e-02,-1.3382e-02,-1.1460e-02,-8.3117e-03,-4.0515e-03,1.1377e-03,7.0225e-03,1.3342e-02,1.9830e-02,2.6235e-02,3.2333e-02,3.7945e-02,4.2934e-02,4.7215e-02,5.0743e-02,5.3509e-02,5.5531e-02,5.6845e-02,5.7494e-02,5.7525e-02,5.6981e-02,5.5903e-02,5.4324e-02,5.2276e-02,4.9786e-02,4.6879e-02,4.3584e-02,3.9928e-02,3.5947e-02,3.1679e-02,2.7167e-02,2.2458e-02,1.7600e-02,1.2640e-02,7.6189e-03,2.5715e-03,-2.4795e-03,-7.5251e-03,-1.2572e-02,-1.7644e-02,-2.2778e-02,-2.8029e-02,-3.3459e-02,-3.9138e-02,-4.5136e-02,-5.1515e-02,-5.8325e-02,-6.5591e-02,-7.3317e-02,-8.1476e-02,-9.0015e-02,-9.8858e-02,-1.0792e-01,-1.1712e-01,-1.2639e-01,-1.3568e-01,-1.4499e-01,-1.5433e-01,-1.6373e-01,-1.7321e-01,-1.8274e-01,-1.9222e-01,-2.0148e-01,-2.1025e-01,-2.1823e-01,-2.2510e-01,-2.3056e-01,-2.3439e-01,-2.3648e-01,-2.3680e-01,-2.3546e-01,-2.3266e-01,-2.2867e-01,-2.2381e-01,-2.1845e-01,-2.1291e-01
-2.3724e-02,-1.9351e-02,-1.4954e-02,-1.0577e-02,-6.2655e-03,-2.0679e-03,1.9567e-03,5.7367e-03,9.1884e-03,1.2214e-02,1.4708e-02,1.6559e-02,1.7664e-02,1.7936e-02,1.7323e-02,1.5817e-02,1.3477e-02,1.0431e-02,6.8805e-03,3.0943e-03,-6.1301e-04,-3.9067e-03,-6.4655e-03,-8.0139e-03,-8.3502e-03,-7.3640e-03,-5.0438e-03,-1.4723e-03,3.1865e-03,8.7079e-03,1.4828e-02,2.1270e-02,2.7761e-02,3.4053e-02,3.9936e-02,4.5246e-02,4.9868e-02,5.3732e-02,5.6812e-02,5.9117e-02,6.0677e-02,6.1537e-02,6.1748e-02,6.1362e-02,6.0422e-02,5.8969e-02,5.7036e-02,5.4652e-02,5.1845e-02,4.8641e-02,4.5069e-02,4.1159e-02,3.6948e-02,3.2478e-02,2.7794e-02,2.2944e-02,1.7978e-02,1.2941e-02,7.8763e-03,2.8146e-03,-2.2235e-03,-7.2331e-03,-1.2225e-02,-1.7229e-02,-2.2291e-02,-2.7471e-02,-3.2843e-02,-3.8486e-02,-4.4479e-02,-5.0896e-02,-5.7795e-02,-6.5212e-02,-7.3154e-02,-8.1598e-02,-9.0491e-02,-9.9755e-02,-1.0930e-01,-1.1903e-01,-1.2887e-01,-1.3876e-01,-1.4867e-01,-1.5863e-01,-1.6863e-01,-1.7869e-01,-1.8878e-01,-1.9879e-01,-2.0854e-01,-2.1778e-01,-2.2619e-01,-2.3345e-01,-2.3927e-01,-2.4342e-01,-2.4578e-01,-2.4634e-01,-2.4518e-01,-2.4252e-01,-2.3862e-01,-2.3382e-01,-2.2845e-01,-2.2288e-01
-6.4257e-03,-2.1620e-03,2.0654e-03,6.2232e-03,1.0272e-02,1.4163e-02,1.7833e-02,2.1205e-02,2.4187e-02,2.6672e-02,2.8547e-02,2.9697e-02,3.0019e-02,2.9437e-02,2.7916e-02,2.5479e-02,2.2224e-02,1.8324e-02,1.4031e-02,9.6554e-03,5.5464e-03,2.0544e-03,-5.0242e-04,-1.8722e-03,-1.8935e-03,-5.0751e-04,2.2415e-03,6.2172e-03,1.1211e-02,1.6964e-02,2.3194e-02,2.9617e-02,3.5965e-02,4.2005e-02,4.7547e-02,5.2447e-02,5.6612e-02,5.9993e-02,6.2581e-02,6.4396e-02,6.5480e-02,6.5886e-02,6.5668e-02,6.4880e-02,6.3566e-02,6.1764e-02,5.9505e-02,5.6816e-02,5.3722e-02,5.0248e-02,4.6424e-02,4.2281e-02,3.7859e-02,3.3200e-02,2.8352e-02,2.3366e-02,1.8292e-02,1.3177e-02,8.0612e-03,2.9762e-03,-2.0600e-03,-7.0458e-03,-1.1996e-02,-1.6947e-02,-2.1949e-02,-2.7070e-02,-3.2394e-02,-3.8007e-02,-4.4001e-02,-5.0456e-02,-5.7441e-02,-6.4999e-02,-7.3142e-02,-8.1851e-02,-9.1073e-02,-1.0073e-01,-1.1071e-01,-1.2092e-01,-1.3128e-01,-1.4170e-01,-1.5217e-01,-1.6266e-01,-1.7319e-01,-1.8376e-01,-1.9432e-01,-2.0477e-01,-2.1493e-01,-2.2454e-01,-2.3330e-01,-2.4087e-01,-2.4697e-01,-2.5137e-01,-2.5394e-01,-2.5467e-01,-2.5366e-01,-2.5110e-01,-2.4727e-01,-2.4249e-01,-2.3712e-01,-2.3151e-01
9.8570e-03,1.3932e-02,1.7939e-02,2.1850e-02,2.5625e-02,2.9212e-02,3.2542e-02,3.5529e-02,3.8069e-02,4.0048e-02,4.1345e-02,4.1843e-02,4.1443e-02,4.0082e-02,3.7746e-02,3.4494e-02,3.0462e-02,2.5872e-02,2.1018e-02,1.6250e-02,1.1939e-02,8.4393e-03,6.0525e-03,4.9949e-03,5.3791e-03,7.2072e-03,1.0379e-02,1.4709e-02,1.9949e-02,2.5818e-02,3.2024e-02,3.8286e-02,4.4352e-02,5.0011e-02,5.5097e-02,5.9493e-02,6.3126e-02,6.5970e-02,6.8028e-02,6.9335e-02,6.9938e-02,6.9894e-02,6.9261e-02,6.8091e-02,6.6426e-02,6.4303e-02,6.1747e-02,5.8782e-02,5.5430e-02,5.1714e-02,4.7662e-02,4.3308e-02,3.8691e-02,3.3857e-02,2.8854e-02,2.3735e-02,1.8552e-02,1.3354e-02,8.1805e-03,3.0626e-03,-1.9837e-03,-6.9590e-03,-1.1883e-02,-1.6794e-02,-2.1750e-02,-2.6827e-02,-3.2113e-02,-3.7707e-02,-4.3707e-02,-5.0203e-02,-5.7272e-02,-6.4964e-02,-7.3296e-02,-8.2252e-02,-9.1778e-02,-1.0179e-01,-1.1217e-01,-1.2283e-01,-1.3365e-01,-1.4456e-01,-1.5550e-01,-1.6646e-01,-1.7744e-01,-1.8843e-01,-1.9939e-01,-2.1020e-01,-2.2068e-01,-2.3058e-01,-2.3960e-01,-2.4741e-01,-2.5371e-01,-2.5829e-01,-2.6101e-01,-2.6187e-01,-2.6095e-01,-2.5845e-01,-2.5465e-01,-2.4988e-01,-2.4449e-01,-2.3883e-01
2.4981e-02,2.8835e-02,3.2610e-02,3.6277e-02,3.9794e-02,4.3102e-02,4.6122e-02,4.8758e-02,5.0897e-02,5.2416e-02,5.3186e-02,5.3091e-02,5.2040e-02,4.9984e-02,4.6938e-02,4.2994e-02,3.8331e-02,3.3214e-02,2.7979e-02,2.3004e-02,1.8671e-02,1.5328e-02,1.3246e-02,1.2598e-02,1.3440e-02,1.5718e-02,1.9276e-02,2.3886e-02,2.9271e-02,3.5134e-02,4.1185e-02,4.7155e-02,5.2815e-02,5.7981e-02,6.2515e-02,6.6328e-02,6.9372e-02,7.1636e-02,7.3142e-02,7.3928e-02,7.4051e-02,7.3568e-02,7.2537e-02,7.1006e-02,6.9017e-02,6.6600e-02,6.3776e-02,6.0565e-02,5.6983e-02,5.3053e-02,4.8798e-02,4.4253e-02,3.9457e-02,3.4458e-02,2.9308e-02,2.4059e-02,1.8767e-02,1.3481e-02,8.2416e-03,3.0798e-03,-1.9894e-03,-6.9686e-03,-1.1880e-02,-1.6768e-02,-2.1694e-02,-2.6740e-02,-3.2002e-02,-3.7587e-02,-4.3600e-02,-5.0141e-02,-5.7293e-02,-6.5114e-02,-7.3625e-02,-8.2811e-02,-9.2617e-02,-1.0295e-01,-1.1371e-01,-1.2476e-01,-1.3600e-01,-1.4733e-01,-1.5870e-01,-1.7007e-01,-1.8143e-01,-1.9276e-01,-2.0403e-01,-2.1511e-01,-2.2584e-01,-2.3595e-01,-2.4515e-01,-2.5311e-01,-2.5954e-01,-2.6423e-01,-2.6704e-01,-2.6797e-01,-2.6709e-01,-2.6462e-01,-2.6082e-01,-2.5603e-01,-2.5061e-01,-2.4490e-01
3.8886e-02,4.2518e-02,4.6074e-02,4.9521e-02,5.2810e-02,5.5874e-02,5.8624e-02,6.0951e-02,6.2735e-02,6.3841e-02,6.4141e-02,6.3518e-02,6.1891e-02,5.9232e-02,5.5583e-02,5.1073e-02,4.5923e-02,4.0440e-02,3.4992e-02,2.9977e-02,2.5779e-02,2.2724e-02,2.1048e-02,2.0871e-02,2.2191e-02,2.4895e-02,2.8782e-02,3.3584e-02,3.9005e-02,4.4744e-02,5.0519e-02,5.6082e-02,6.1233e-02,6.5815e-02,6.9725e-02,7.2898e-02,7.5311e-02,7.6972e-02,7.7910e-02,7.8176e-02,7.7825e-02,7.6918e-02,7.5508e-02,7.3641e-02,7.1354e-02,6.8671e-02,6.5609e-02,6.2180e-02,5.8398e-02,5.4277e-02,4.9843e-02,4.5127e-02,4.0168e-02,3.5016e-02,2.9723e-02,2.4348e-02,1.8944e-02,1.3564e-02,8.2504e-03,3.0336e-03,-2.0720e-03,-7.0702e-03,-1.1986e-02,-1.6866e-02,-2.1777e-02,-2.6808e-02,-3.2060e-02,-3.7646e-02,-4.3681e-02,-5.0271e-02,-5.7508e-02,-6.5453e-02,-7.4134e-02,-8.3535e-02,-9.3601e-02,-1.0424e-01,-1.1533e-01,-1.2674e-01,-1.3835e-01,-1.5005e-01,-1.6178e-01,-1.7349e-01,-1.8516e-01,-1.9677e-01,-2.0827e-01,-2.1955e-01,-2.3043e-01,-2.4067e-01,-2.4997e-01,-2.5801e-01,-2.6451e-01,-2.6923e-01,-2.7207e-01,-2.7301e-01,-2.7213e-01,-2.6964e-01,-2.6582e-01,-2.6099e-01,-2.5551e-01,-2.4974e-01
5.1567e-02,5.4997e-02,5.8360e-02,6.1620e-02,6.4717e-02,6.7576e-02,7.0095e-02,7.2158e-02,7.3631e-02,7.4377e-02,7.4262e-02,7.3178e-02,7.1054e-02,6.7883e-02,6.3738e-02,5.8787e-02,5.3290e-02,4.7589e-02,4.2079e-02,3.7170e-02,3.3234e-02,3.0570e-02,2.9367e-02,2.9688e-02,3.1474e-02,3.4560e-02,3.8698e-02,4.3598e-02,4.8949e-02,5.4456e-02,5.9852e-02,6.4916e-02,6.9478e-02,7.3414e-02,7.6650e-02,7.9150e-02,8.0911e-02,8.1956e-02,8.2328e-02,8.2080e-02,8.1270e-02,7.9956e-02,7.8189e-02,7.6012e-02,7.3454e-02,7.0534e-02,6.7262e-02,6.3643e-02,5.9686e-02,5.5401e-02,5.0809e-02,4.5939e-02,4.0832e-02,3.5537e-02,3.0109e-02,2.4607e-02,1.9090e-02,1.3610e-02,8.2129e-03,2.9293e-03,-2.2264e-03,-7.2587e-03,-1.2195e-02,-1.7083e-02,-2.1997e-02,-2.7027e-02,-3.2283e-02,-3.7883e-02,-4.3949e-02,-5.0595e-02,-5.7917e-02,-6.5984e-02,-7.4825e-02,-8.4428e-02,-9.4734e-02,-1.0565e-01,-1.1704e-01,-1.2877e-01,-1.4070e-01,-1.5273e-01,-1.6476e-01,-1.7674e-01,-1.8866e-01,-2.0047e-01,-2.1212e-01,-2.2352e-01,-2.3449e-01,-2.4478e-01,-2.5410e-01,-2.6214e-01,-2.6862e-01,-2.7333e-01,-2.7613e-01,-2.7702e-01,-2.7609e-01,-2.7355e-01,-2.6966e-01,-2.6477e-01,-2.5922e-01,-2.5338e-01
6.3047e-02,6.6303e-02,6.9508e-02,7.2615e-02,7.5559e-02,7.8249e-02,8.0578e-02,8.2416e-02,8.3622e-02,8.4056e-02,8.3583e-02,8.2102e-02,7.9557e-02,7.5965e-02,7.1430e-02,6.6155e-02,6.0439e-02,5.4655e-02,4.9216e-02,4.4532e-02,4.0958e-02,3.8755e-02,3.8059e-02,3.8877e-02,4.1094e-02,4.4496e-02,4.8802e-02,5.3703e-02,5.8887e-02,6.4068e-02,6.9004e-02,7.3501e-02,7.7422e-02,8.0675e-02,8.3215e-02,8.5029e-02,8.6137e-02,8.6573e-02,8.6389e-02,8.5642e-02,8.4393e-02,8.2695e-02,8.0598e-02,7.8136e-02,7.5335e-02,7.2205e-02,6.8750e-02,6.4969e-02,6.0863e-02,5.6437e-02,5.1707e-02,4.6702e-02,4.1460e-02,3.6030e-02,3.0472e-02,2.4845e-02,1.9211e-02,1.3625e-02,8.1350e-03,2.7725e-03,-2.4472e-03,-7.5291e-03,-1.2502e-02,-1.7417e-02,-2.2349e-02,-2.7395e-02,-3.2669e-02,-3.8296e-02,-4.4402e-02,-5.1110e-02,-5.8520e-02,-6.6705e-02,-7.5699e-02,-8.5490e-02,-9.6017e-02,-1.0718e-01,-1.1884e-01,-1.3085e-01,-1.4307e-01,-1.5537e-01,-1.6765e-01,-1.7985e-01,-1.9194e-01,-2.0388e-01,-2.1562e-01,-2.2706e-01,-2.3802e-01,-2.4828e-01,-2.5755e-01,-2.6552e-01,-2.7192e-01,-2.7653e-01,-2.7924e-01,-2.8003e-01,-2.7901e-01,-2.7637e-01,-2.7239e-01,-2.6741e-01,-2.6178e-01,-2.5585e-01
7.3365e-02,7.6479e-02,7.9558e-02,8.2547e-02,8.5369e-02,8.7926e-02,9.0097e-02,9.1747e-02,9.2727e-02,9.2894e-02,9.2116e-02,9.0299e-02,8.7407e-02,8.3479e-02,7.8652e-02,7.3164e-02,6.7345e-02,6.1595e-02,5.6337e-02,5.1973e-02,4.8831e-02,4.7126e-02,4.6943e-02,4.8232e-02,5.0824e-02,5.4467e-02,5.8854e-02,6.3665e-02,6.8595e-02,7.3378e-02,7.7794e-02,8.1684e-02,8.4940e-02,8.7501e-02,8.9346e-02,9.0487e-02,9.0958e-02,9.0806e-02,9.0089e-02,8.8869e-02,8.7206e-02,8.5151e-02,8.2749e-02,8.0031e-02,7.7013e-02,7.3701e-02,7.0090e-02,6.6172e-02,6.1941e-02,5.7396e-02,5.2548e-02,4.7423e-02,4.2058e-02,3.6503e-02,3.0818e-02,2.5066e-02,1.9312e-02,1.3614e-02,8.0216e-03,2.5683e-03,-2.7292e-03,-7.8763e-03,-1.2902e-02,-1.7860e-02,-2.2828e-02,-2.7906e-02,-3.3213e-02,-3.8879e-02,-4.5036e-02,-5.1811e-02,-5.9312e-02,-6.7614e-02,-7.6755e-02,-8.6720e-02,-9.7450e-02,-1.0884e-01,-1.2074e-01,-1.3300e-01,-1.4546e-01,-1.5798e-01,-1.7045e-01,-1.8281e-01,-1.9500e-01,-2.0701e-01,-2.1876e-01,-2.3016e-01,-2.4105e-01,-2.5120e-01,-2.6034e-01,-2.6816e-01,-2.7441e-01,-2.7886e-01,-2.8141e-01,-2.8205e-01,-2.8089e-01,-2.7811e-01,-2.7401e-01,-2.6892e-01,-2.6319e-01,-2.5718e-01
8.2564e-02,8.5566e-02,8.8548e-02,9.1446e-02,9.4174e-02,9.6624e-02,9.8667e-02,1.0016e-01,1.0095e-01,1.0089e-01,9.9854e-02,9.7760e-02,9.4589e-02,9.0405e-02,8.5377e-02,7.9773e-02,7.3954e-02,6.8336e-02,6.3346e-02,5.9370e-02,5.6700e-02,5.5506e-02,5.5817e-02,5.7529e-02,6.0428e-02,6.4229e-02,6.8609e-02,7.3250e-02,7.7857e-02,8.2187e-02,8.6052e-02,8.9320e-02,9.1913e-02,9.3798e-02,9.4976e-02,9.5476e-02,9.5344e-02,9.4639e-02,9.3425e-02,9.1765e-02,8.9719e-02,8.7337e-02,8.4660e-02,8.1713e-02,7.8507e-02,7.5039e-02,7.1298e-02,6.7267e-02,6.2933e-02,5.8290e-02,5.3342e-02,4.8111e-02,4.2635e-02,3.6962e-02,3.1154e-02,2.5278e-02,1.9401e-02,1.3583e-02,7.8785e-03,2.3224e-03,-3.0670e-03,-8.2947e-03,-1.3390e-02,-1.8408e-02,-2.3428e-02,-2.8555e-02,-3.3909e-02,-3.9627e-02,-4.5845e-02,-5.2696e-02,-6.0290e-02,-6.8707e-02,-7.7987e-02,-8.8115e-02,-9.9030e-02,-1.1062e-01,-1.2273e-01,-1.3520e-01,-1.4786e-01,-1.6055e-01,-1.7317e-01,-1.8562e-01,-1.9787e-01,-2.0986e-01,-2.2155e-01,-2.3284e-01,-2.4358e-01,-2.5355e-01,-2.6247e-01,-2.7008e-01,-2.7610e-01,-2.8033e-01,-2.8266e-01,-2.8310e-01,-2.8174e-01,-2.7880e-01,-2.7455e-01,-2.6932e-01,-2.6348e-01,-2.5736e-01
9.0683e-02,9.3597e-02,9.6504e-02,9.9333e-02,1.0199e-01,1.0435e-01,1.0629e-01,1.0765e-01,1.0827e-01,1.0802e-01,1.0678e-01,1.0446e-01,1.0107e-01,9.6705e-02,9.1556e-02,8.5923e-02,8.0189e-02,7.4782e-02,7.0124e-02,6.6577e-02,6.4396e-02,6.3700e-02,6.4463e-02,6.6535e-02,6.9663e-02,7.3538e-02,7.7832e-02,8.2232e-02,8.6466e-02,9.0313e-02,9.3617e-02,9.6274e-02,9.8233e-02,9.9481e-02,1.0004e-01,9.9949e-02,9.9267e-02,9.8058e-02,9.6392e-02,9.4333e-02,9.1941e-02,8.9267e-02,8.6346e-02,8.3200e-02,7.9832e-02,7.6235e-02,7.2388e-02,6.8268e-02,6.3853e-02,5.9129e-02,5.4098e-02,4.8775e-02,4.3197e-02,3.7413e-02,3.1486e-02,2.5485e-02,1.9480e-02,1.3537e-02,7.7109e-03,2.0405e-03,-3.4548e-03,-8.7782e-03,-1.3959e-02,-1.9053e-02,-2.4143e-02,-2.9334e-02,-3.4751e-02,-4.0534e-02,-4.6823e-02,-5.3756e-02,-6.1447e-02,-6.9978e-02,-7.9390e-02,-8.9670e-02,-1.0075e-01,-1.1252e-01,-1.2481e-01,-1.3746e-01,-1.5027e-01,-1.6310e-01,-1.7580e-01,-1.8830e-01,-2.0052e-01,-2.1244e-01,-2.2400e-01,-2.3510e-01,-2.4561e-01,-2.5531e-01,-2.6395e-01,-2.7126e-01,-2.7699e-01,-2.8093e-01,-2.8299e-01,-2.8317e-01,-2.8158e-01,-2.7843e-01,-2.7400e-01,-2.6862e-01,-2.6265e-01,-2.5642e-01
9.7756e-02,1.0060e-01,1.0345e-01,1.0622e-01,1.0881e-01,1.1110e-01,1.1295e-01,1.1419e-01,1.1468e-01,1.1427e-01,1.1285e-01,1.1036e-01,1.0681e-01,1.0233e-01,9.7128e-02,9.1538e-02,8.5958e-02,8.0820e-02,7.6535e-02,7.3436e-02,7.1736e-02,7.1502e-02,7.2662e-02,7.5019e-02,7.8293e-02,8.2162e-02,8.6299e-02,9.0405e-02,9.4231e-02,9.7588e-02,1.0035e-01,1.0243e-01,1.0380e-01,1.0447e-01,1.0448e-01,1.0387e-01,1.0270e-01,1.0105e-01,9.8985e-02,9.6576e-02,9.3882e-02,9.0953e-02,8.7822e-02,8.4507e-02,8.1006e-02,7.7304e-02,7.3375e-02,6.9187e-02,6.4710e-02,5.9924e-02,5.4824e-02,4.9422e-02,4.3752e-02,3.7863e-02,3.1819e-02,2.5693e-02,1.9557e-02,1.3482e-02,7.5243e-03,1.7276e-03,-3.8864e-03,-9.3206e-03,-1.4603e-02,-1.9791e-02,-2.4966e-02,-3.0237e-02,-3.5732e-02,-4.1592e-02,-4.7963e-02,-5.4985e-02,-6.2775e-02,-7.1420e-02,-8.0958e-02,-9.1378e-02,-1.0261e-01,-1.1453e-01,-1.2698e-01,-1.3976e-01,-1.5270e-01,-1.6560e-01,-1.7834e-01,-1.9082e-01,-2.0297e-01,-2.1474e-01,-2.2609e-01,-2.3693e-01,-2.4713e-01,-2.5649e-01,-2.6478e-01,-2.7172e-01,-2.7708e-01,-2.8067e-01,-2.8240e-01,-2.8227e-01,-2.8041e-01,-2.7701e-01,-2.7237e-01,-2.6682e-01,-2.6071e-01,-2.5436e-01
1.0381e-01,1.0659e-01,1.0939e-01,1.1211e-01,1.1465e-01,1.1687e-01,1.1863e-01,1.1977e-01,1.2015e-01,1.1960e-01,1.1804e-01,1.1541e-01,1.1176e-01,1.0721e-01,1.0202e-01,9.6533e-02,9.1158e-02,8.6329e-02,8.2437e-02,7.9783e-02,7.8535e-02,7.8712e-02,8.0197e-02,8.2759e-02,8.6098e-02,8.9886e-02,9.3806e-02,9.7580e-02,1.0099e-01,1.0387e-01,1.0611e-01,1.0767e-01,1.0853e-01,1.0871e-01,1.0824e-01,1.0719e-01,1.0562e-01,1.0360e-01,1.0120e-01,9.8496e-02,9.5548e-02,9.2405e-02,8.9100e-02,8.5647e-02,8.2042e-02,7.8261e-02,7.4273e-02,7.0037e-02,6.5517e-02,6.0685e-02,5.5529e-02,5.0059e-02,4.4305e-02,3.8317e-02,3.2159e-02,2.5906e-02,1.9636e-02,1.3421e-02,7.3243e-03,1.3905e-03,-4.3559e-03,-9.9152e-03,-1.5315e-02,-2.0612e-02,-2.5889e-02,-3.1256e-02,-3.6842e-02,-4.2793e-02,-4.9256e-02,-5.6374e-02,-6.4267e-02,-7.3023e-02,-8.2683e-02,-9.3231e-02,-1.0460e-01,-1.1665e-01,-1.2922e-01,-1.4211e-01,-1.5512e-01,-1.6807e-01,-1.8079e-01,-1.9319e-01,-2.0520e-01,-2.1676e-01,-2.2783e-01,-2.3833e-01,-2.4814e-01,-2.5709e-01,-2.6493e-01,-2.7143e-01,-2.7635e-01,-2.7953e-01,-2.8087e-01,-2.8039e-01,-2.7821e-01,-2.7454e-01,-2.6966e-01,-2.6392e-01,-2.5765e-01,-2.5118e-01
1.0886e-01,1.1158e-01,1.1433e-01,1.1699e-01,1.1947e-01,1.2163e-01,1.2331e-01,1.2437e-01,1.2463e-01,1.2397e-01,1.2230e-01,1.1957e-01,1.1585e-01,1.1129e-01,1.0616e-01,1.0082e-01,9.5686e-02,9.1185e-02,8.7687e-02,8.5455e-02,8.4613e-02,8.5138e-02,8.6870e-02,8.9554e-02,9.2878e-02,9.6519e-02,1.0018e-01,1.0360e-01,1.0659e-01,1.0902e-01,1.1081e-01,1.1192e-01,1.1235e-01,1.1213e-01,1.1129e-01,1.0989e-01,1.0800e-01,1.0569e-01,1.0303e-01,1.0009e-01,9.6944e-02,9.3633e-02,9.0192e-02,8.6635e-02,8.2953e-02,7.9119e-02,7.5093e-02,7.0829e-02,6.6283e-02,6.1419e-02,5.6221e-02,5.0694e-02,4.4863e-02,3.8780e-02,3.2510e-02,2.6130e-02,1.9722e-02,1.3362e-02,7.1162e-03,1.0343e-03,-4.8567e-03,-1.0555e-02,-1.6087e-02,-2.1509e-02,-2.6903e-02,-3.2381e-02,-3.8074e-02,-4.4128e-02,-5.0693e-02,-5.7914e-02,-6.5914e-02,-7.4780e-02,-8.4554e-02,-9.5219e-02,-1.0670e-01,-1.1886e-01,-1.3153e-01,-1.4449e-01,-1.5754e-01,-1.7047e-01,-1.8313e-01,-1.9540e-01,-2.0719e-01,-2.1847e-01,-2.2919e-01,-2.3928e-01,-2.4863e-01,-2.5707e-01,-2.6440e-01,-2.7038e-01,-2.7480e-01,-2.7750e-01,-2.7839e-01,-2.7751e-01,-2.7497e-01,-2.7099e-01,-2.6587e-01,-2.5992e-01,-2.5348e-01,-2.4688e-01
1.1293e-01,1.1558e-01,1.1827e-01,1.2087e-01,1.2329e-01,1.2537e-01,1.2697e-01,1.2794e-01,1.2811e-01,1.2735e-01,1.2559e-01,1.2280e-01,1.1904e-01,1.1451e-01,1.0947e-01,1.0431e-01,9.9436e-02,9.5268e-02,9.2146e-02,9.0298e-02,8.9805e-02,9.0601e-02,9.2499e-02,9.5223e-02,9.8460e-02,1.0190e-01,1.0526e-01,1.0832e-01,1.1092e-01,1.1295e-01,1.1435e-01,1.1510e-01,1.1520e-01,1.1468e-01,1.1358e-01,1.1194e-01,1.0983e-01,1.0731e-01,1.0447e-01,1.0137e-01,9.8073e-02,9.4642e-02,9.1107e-02,8.7480e-02,8.3750e-02,7.9888e-02,7.5846e-02,7.1573e-02,6.7017e-02,6.2136e-02,5.6907e-02,5.1330e-02,4.5431e-02,3.9257e-02,3.2877e-02,2.6369e-02,1.9819e-02,1.3308e-02,6.9059e-03,6.6574e-04,-5.3817e-03,-1.1233e-02,-1.6912e-02,-2.2473e-02,-2.8001e-02,-3.3605e-02,-3.9418e-02,-4.5587e-02,-5.2264e-02,-5.9595e-02,-6.7704e-02,-7.6679e-02,-8.6562e-02,-9.7333e-02,-1.0891e-01,-1.2116e-01,-1.3390e-01,-1.4690e-01,-1.5994e-01,-1.7281e-01,-1.8535e-01,-1.9743e-01,-2.0895e-01,-2.1988e-01,-2.3017e-01,-2.3976e-01,-2.4857e-01,-2.5643e-01,-2.6316e-01,-2.6855e-01,-2.7239e-01,-2.7455e-01,-2.7494e-01,-2.7361e-01,-2.7068e-01,-2.6637e-01,-2.6097e-01,-2.5479e-01,-2.4818e-01,-2.4144e-01
1.1602e-01,1.1860e-01,1.2120e-01,1.2373e-01,1.2607e-01,1.2807e-01,1.2959e-01,1.3046e-01,1.3054e-01,1.2970e-01,1.2787e-01,1.2504e-01,1.2128e-01,1.1680e-01,1.1188e-01,1.0692e-01,1.0231e-01,9.8466e-02,9.5690e-02,9.4174e-02,9.3960e-02,9.4950e-02,9.6929e-02,9.9615e-02,1.0270e-01,1.0589e-01,1.0894e-01,1.1165e-01,1.1390e-01,1.1559e-01,1.1668e-01,1.1716e-01,1.1704e-01,1.1634e-01,1.1508e-01,1.1330e-01,1.1108e-01,1.0845e-01,1.0551e-01,1.0231e-01,9.8937e-02,9.5438e-02,9.1851e-02,8.8191e-02,8.4444e-02,8.0579e-02,7.6543e-02,7.2278e-02,6.7727e-02,6.2841e-02,5.7592e-02,5.1976e-02,4.6013e-02,3.9753e-02,3.3264e-02,2.6628e-02,1.9934e-02,1.3266e-02,6.6991e-03,2.9123e-04,-5.9245e-03,-1.1941e-02,-1.7780e-02,-2.3496e-02,-2.9171e-02,-3.4916e-02,-4.0862e-02,-4.7159e-02,-5.3958e-02,-6.1406e-02,-6.9627e-02,-7.8710e-02,-8.8695e-02,-9.9560e-02,-1.1122e-01,-1.2353e-01,-1.3631e-01,-1.4931e-01,-1.6230e-01,-1.7507e-01,-1.8744e-01,-1.9926e-01,-2.1044e-01,-2.2095e-01,-2.3073e-01,-2.3976e-01,-2.4793e-01,-2.5513e-01,-2.6119e-01,-2.6591e-01,-2.6911e-01,-2.7066e-01,-2.7050e-01,-2.6868e-01,-2.6532e-01,-2.6065e-01,-2.5495e-01,-2.4854e-01,-2.4175e-01,-2.3486e-01
1.1814e-01,1.2062e-01,1.2313e-01,1.2557e-01,1.2781e-01,1.2972e-01,1.3114e-01,1.3192e-01,1.3191e-01,1.3100e-01,1.2911e-01,1.2625e-01,1.2252e-01,1.1811e-01,1.1334e-01,1.0858e-01,1.0423e-01,1.0068e-01,9.8208e-02,9.6964e-02,9.6956e-02,9.8056e-02,1.0004e-01,1.0261e-01,1.0549e-01,1.0840e-01,1.1113e-01,1.1351e-01,1.1545e-01,1.1687e-01,1.1774e-01,1.1806e-01,1.1783e-01,1.1706e-01,1.1576e-01,1.1397e-01,1.1173e-01,1.0910e-01,1.0614e-01,1.0293e-01,9.9536e-02,9.6023e-02,9.2431e-02,8.8775e-02,8.5042e-02,8.1199e-02,7.7190e-02,7.2952e-02,6.8420e-02,6.3541e-02,5.8282e-02,5.2634e-02,4.6615e-02,4.0272e-02,3.3676e-02,2.6911e-02,2.0069e-02,1.3240e-02,6.5018e-03,-8.2983e-05,-6.4773e-03,-1.2671e-02,-1.8684e-02,-2.4569e-02,-3.0406e-02,-3.6305e-02,-4.2398e-02,-4.8833e-02,-5.5763e-02,-6.3334e-02,-7.1670e-02,-8.0860e-02,-9.0940e-02,-1.0189e-01,-1.1361e-01,-1.2597e-01,-1.3874e-01,-1.5171e-01,-1.6462e-01,-1.7723e-01,-1.8937e-01,-2.0087e-01,-2.1165e-01,-2.2166e-01,-2.3086e-01,-2.3923e-01,-2.4670e-01,-2.5315e-01,-2.5845e-01,-2.6243e-01,-2.6492e-01,-2.6580e-01,-2.6504e-01,-2.6268e-01,-2.5886e-01,-2.5380e-01,-2.4779e-01,-2.4114e-01,-2.3415e-01,-2.2711e-01
1.1931e-01,1.2167e-01,1.2406e-01,1.2638e-01,1.2851e-01,1.3030e-01,1.3161e-01,1.3229e-01,1.3220e-01,1.3122e-01,1.2929e-01,1.2642e-01,1.2272e-01,1.1841e-01,1.1378e-01,1.0922e-01,1.0512e-01,1.0184e-01,9.9612e-02,9.8573e-02,9.8693e-02,9.9824e-02,1.0173e-01,1.0413e-01,1.0676e-01,1.0937e-01,1.1178e-01,1.1386e-01,1.1554e-01,1.1676e-01,1.1751e-01,1.1778e-01,1.1755e-01,1.1683e-01,1.1561e-01,1.1392e-01,1.1178e-01,1.0924e-01,1.0635e-01,1.0321e-01,9.9866e-02,9.6399e-02,9.2849e-02,8.9236e-02,8.5550e-02,8.1755e-02,7.7794e-02,7.3599e-02,6.9101e-02,6.4242e-02,5.8982e-02,5.3309e-02,4.7238e-02,4.0818e-02,3.4116e-02,2.7222e-02,2.0230e-02,1.3235e-02,6.3194e-03,-4.5031e-04,-7.0331e-03,-1.3415e-02,-1.9615e-02,-2.5681e-02,-3.1693e-02,-3.7760e-02,-4.4012e-02,-5.0597e-02,-5.7667e-02,-6.5368e-02,-7.3821e-02,-8.3115e-02,-9.3283e-02,-1.0430e-01,-1.1607e-01,-1.2844e-01,-1.4119e-01,-1.5408e-01,-1.6686e-01,-1.7927e-01,-1.9112e-01,-2.0224e-01,-2.1255e-01,-2.2199e-01,-2.3053e-01,-2.3816e-01,-2.4482e-01,-2.5045e-01,-2.5491e-01,-2.5807e-01,-2.5977e-01,-2.5993e-01,-2.5852e-01,-2.5558e-01,-2.5127e-01,-2.4581e-01,-2.3947e-01,-2.3256e-01,-2.2537e-01,-2.1817e-01
1.1952e-01,1.2173e-01,1.2399e-01,1.2617e-01,1.2816e-01,1.2982e-01,1.3101e-01,1.3158e-01,1.3139e-01,1.3035e-01,1.2839e-01,1.2552e-01,1.2188e-01,1.1766e-01,1.1318e-01,1.0882e-01,1.0494e-01,1.0187e-01,9.9838e-02,9.8933e-02,9.9104e-02,1.0019e-01,1.0195e-01,1.0412e-01,1.0646e-01,1.0876e-01,1.1086e-01,1.1268e-01,1.1416e-01,1.1527e-01,1.1598e-01,1.1630e-01,1.1619e-01,1.1563e-01,1.1462e-01,1.1314e-01,1.1121e-01,1.0886e-01,1.0614e-01,1.0314e-01,9.9925e-02,9.6563e-02,9.3106e-02,8.9578e-02,8.5972e-02,8.2253e-02,7.8361e-02,7.4227e-02,6.9776e-02,6.4947e-02,5.9695e-02,5.4004e-02,4.7888e-02,4.1392e-02,3.4588e-02,2.7564e-02,2.0421e-02,1.3256e-02,6.1578e-03,-8.0412e-04,-7.5842e-03,-1.4166e-02,-2.0563e-02,-2.6822e-02,-3.3023e-02,-3.9270e-02,-4.5693e-02,-5.2439e-02,-5.9657e-02,-6.7493e-02,-7.6066e-02,-8.5461e-02,-9.5711e-02,-1.0678e-01,-1.1858e-01,-1.3094e-01,-1.4363e-01,-1.5641e-01,-1.6901e-01,-1.8116e-01,-1.9266e-01,-2.0334e-01,-2.1310e-01,-2.2189e-01,-2.2969e-01,-2.3649e-01,-2.4228e-01,-2.4699e-01,-2.5053e-01,-2.5278e-01,-2.5364e-01,-2.5301e-01,-2.5090e-01,-2.4735e-01,-2.4252e-01,-2.3663e-01,-2.2996e-01,-2.2278e-01,-2.1538e-01,-2.0800e-01
1.1880e-01,1.2084e-01,1.2292e-01,1.2493e-01,1.2676e-01,1.2828e-01,1.2933e-01,1.2978e-01,1.2951e-01,1.2840e-01,1.2641e-01,1.2356e-01,1.1997e-01,1.1586e-01,1.1152e-01,1.0733e-01,1.0364e-01,1.0074e-01,9.8845e-02,9.8005e-02,9.8155e-02,9.9122e-02,1.0068e-01,1.0257e-01,1.0460e-01,1.0657e-01,1.0839e-01,1.0999e-01,1.1133e-01,1.1239e-01,1.1317e-01,1.1363e-01,1.1375e-01,1.1347e-01,1.1277e-01,1.1162e-01,1.1000e-01,1.0795e-01,1.0550e-01,1.0273e-01,9.9706e-02,9.6512e-02,9.3201e-02,8.9801e-02,8.6310e-02,8.2693e-02,7.8893e-02,7.4836e-02,7.0447e-02,6.5658e-02,6.0423e-02,5.4721e-02,4.8565e-02,4.1998e-02,3.5093e-02,2.7941e-02,2.0646e-02,1.3309e-02,6.0225e-03,-1.1381e-03,-8.1234e-03,-1.4913e-02,-2.1518e-02,-2.7983e-02,-3.4383e-02,-4.0823e-02,-4.7429e-02,-5.4345e-02,-6.1720e-02,-6.9695e-02,-7.8389e-02,-8.7883e-02,-9.8205e-02,-1.0932e-01,-1.2112e-01,-1.3344e-01,-1.4605e-01,-1.5867e-01,-1.7104e-01,-1.8288e-01,-1.9397e-01,-2.0414e-01,-2.1328e-01,-2.2133e-01,-2.2830e-01,-2.3420e-01,-2.3901e-01,-2.4272e-01,-2.4525e-01,-2.4653e-01,-2.4647e-01,-2.4500e-01,-2.4214e-01,-2.3794e-01,-2.3257e-01,-2.2624e-01,-2.1921e-01,-2.1176e-01,-2.0414e-01,-1.9658e-01
1.1717e-01,1.1900e-01,1.2088e-01,1.2270e-01,1.2435e-01,1.2569e-01,1.2659e-01,1.2692e-01,1.2655e-01,1.2538e-01,1.2337e-01,1.2054e-01,1.1701e-01,1.1300e-01,1.0880e-01,1.0476e-01,1.0121e-01,9.8447e-02,9.6623e-02,9.5781e-02,9.5840e-02,9.6625e-02,9.7919e-02,9.9503e-02,1.0119e-01,1.0285e-01,1.0441e-01,1.0582e-01,1.0707e-01,1.0817e-01,1.0908e-01,1.0979e-01,1.1023e-01,1.1035e-01,1.1007e-01,1.0935e-01,1.0816e-01,1.0650e-01,1.0441e-01,1.0195e-01,9.9203e-02,9.6242e-02,9.3130e-02,8.9903e-02,8.6563e-02,8.3078e-02,7.9392e-02,7.5430e-02,7.1115e-02,6.6378e-02,6.1168e-02,5.5462e-02,4.9271e-02,4.2637e-02,3.5634e-02,2.8356e-02,2.0907e-02,1.3396e-02,5.9186e-03,-1.4457e-03,-8.6432e-03,-1.5649e-02,-2.2472e-02,-2.9153e-02,-3.5764e-02,-4.2406e-02,-4.9205e-02,-5.6301e-02,-6.3839e-02,-7.1959e-02,-8.0775e-02,-9.0364e-02,-1.0075e-01,-1.1189e-01,-1.2368e-01,-1.3593e-01,-1.4840e-01,-1.6083e-01,-1.7292e-01,-1.8439e-01,-1.9501e-01,-2.0459e-01,-2.1303e-01,-2.2027e-01,-2.2633e-01,-2.3122e-01,-2.3497e-01,-2.3758e-01,-2.3903e-01,-2.3926e-01,-2.3821e-01,-2.3585e-01,-2.3219e-01,-2.2732e-01,-2.2138e-01,-2.1459e-01,-2.0720e-01,-1.9945e-01,-1.9161e-01,-1.8385e-01
1.1464e-01,1.1624e-01,1.1789e-01,1.1949e-01,1.2093e-01,1.2208e-01,1.2283e-01,1.2302e-01,1.2255e-01,1.2132e-01,1.1929e-01,1.1648e-01,1.1301e-01,1.0910e-01,1.0502e-01,1.0111e-01,9.7684e-02,9.4994e-02,9.3185e-02,9.2279e-02,9.2186e-02,9.2734e-02,9.3724e-02,9.4965e-02,9.6307e-02,9.7655e-02,9.8966e-02,1.0023e-01,1.0146e-01,1.0264e-01,1.0378e-01,1.0481e-01,1.0567e-01,1.0627e-01,1.0651e-01,1.0633e-01,1.0567e-01,1.0450e-01,1.0287e-01,1.0081e-01,9.8407e-02,9.5745e-02,9.2890e-02,8.9882e-02,8.6730e-02,8.3407e-02,7.9857e-02,7.6008e-02,7.1781e-02,6.7106e-02,6.1929e-02,5.6226e-02,5.0006e-02,4.3310e-02,3.6212e-02,2.8809e-02,2.1208e-02,1.3522e-02,5.8510e-03,-1.7211e-03,-9.1362e-03,-1.6366e-02,-2.3415e-02,-3.0320e-02,-3.7152e-02,-4.4007e-02,-5.1008e-02,-5.8292e-02,-6.6000e-02,-7.4268e-02,-8.3205e-02,-9.2884e-02,-1.0332e-01,-1.1447e-01,-1.2622e-01,-1.3837e-01,-1.5068e-01,-1.6287e-01,-1.7462e-01,-1.8566e-01,-1.9573e-01,-2.0465e-01,-2.1231e-01,-2.1865e-01,-2.2370e-01,-2.2750e-01,-2.3010e-01,-2.3153e-01,-2.3181e-01,-2.3091e-01,-2.2881e-01,-2.2550e-01,-2.2101e-01,-2.1543e-01,-2.0890e-01,-2.0164e-01,-1.9387e-01,-1.8583e-01,-1.7774e-01,-1.6978e-01
1.1125e-01,1.1259e-01,1.1398e-01,1.1534e-01,1.1655e-01,1.1750e-01,1.1806e-01,1.1812e-01,1.1754e-01,1.1625e-01,1.1420e-01,1.1142e-01,1.0802e-01,1.0420e-01,1.0023e-01,9.6422e-02,9.3075e-02,9.0417e-02,8.8572e-02,8.7546e-02,8.7246e-02,8.7512e-02,8.8162e-02,8.9038e-02,9.0026e-02,9.1068e-02,9.2156e-02,9.3307e-02,9.4545e-02,9.5880e-02,9.7291e-02,9.8721e-02,1.0008e-01,1.0125e-01,1.0211e-01,1.0256e-01,1.0252e-01,1.0195e-01,1.0086e-01,9.9283e-02,9.7308e-02,9.5014e-02,9.2473e-02,8.9733e-02,8.6808e-02,8.3676e-02,8.0287e-02,7.6569e-02,7.2444e-02,6.7841e-02,6.2706e-02,5.7013e-02,5.0769e-02,4.4015e-02,3.6827e-02,2.9302e-02,2.1551e-02,1.3690e-02,5.8241e-03,-1.9586e-03,-9.5957e-03,-1.7055e-02,-2.4337e-02,-3.1475e-02,-3.8535e-02,-4.5612e-02,-5.2824e-02,-6.0303e-02,-6.8187e-02,-7.6604e-02,-8.5661e-02,-9.5424e-02,-1.0590e-01,-1.1705e-01,-1.2872e-01,-1.4074e-01,-1.5284e-01,-1.6473e-01,-1.7610e-01,-1.8664e-01,-1.9609e-01,-2.0427e-01,-2.1106e-01,-2.1642e-01,-2.2037e-01,-2.2298e-01,-2.2433e-01,-2.2450e-01,-2.2352e-01,-2.2143e-01,-2.1822e-01,-2.1391e-01,-2.0854e-01,-2.0222e-01,-1.9509e-01,-1.8734e-01,-1.7918e-01,-1.7083e-01,-1.6248e-01,-1.5429e-01
1.0704e-01,1.0808e-01,1.0919e-01,1.1028e-01,1.1124e-01,1.1197e-01,1.1235e-01,1.1226e-01,1.1158e-01,1.1023e-01,1.0817e-01,1.0542e-01,1.0208e-01,9.8343e-02,9.4467e-02,9.0742e-02,8.7441e-02,8.4773e-02,8.2844e-02,8.1651e-02,8.1101e-02,8.1046e-02,8.1329e-02,8.1824e-02,8.2453e-02,8.3198e-02,8.4080e-02,8.5144e-02,8.6431e-02,8.7957e-02,8.9697e-02,9.1583e-02,9.3504e-02,9.5320e-02,9.6882e-02,9.8053e-02,9.8724e-02,9.8834e-02,9.8371e-02,9.7369e-02,9.5897e-02,9.4039e-02,9.1871e-02,8.9449e-02,8.6791e-02,8.3882e-02,8.0677e-02,7.7108e-02,7.3099e-02,6.8579e-02,6.3495e-02,5.7819e-02,5.1557e-02,4.4752e-02,3.7478e-02,2.9834e-02,2.1936e-02,1.3902e-02,5.8415e-03,-2.1530e-03,-1.0015e-02,-1.7708e-02,-2.5228e-02,-3.2605e-02,-3.9902e-02,-4.7208e-02,-5.4637e-02,-6.2317e-02,-7.0380e-02,-7.8949e-02,-8.8123e-02,-9.7961e-02,-1.0847e-01,-1.1958e-01,-1.3116e-01,-1.4301e-01,-1.5486e-01,-1.6640e-01,-1.7731e-01,-1.8728e-01,-1.9604e-01,-2.0340e-01,-2.0923e-01,-2.1351e-01,-2.1626e-01,-2.1759e-01,-2.1761e-01,-2.1642e-01,-2.1411e-01,-2.1075e-01,-2.0636e-01,-2.0100e-01,-1.9473e-01,-1.8764e-01,-1.7988e-01,-1.7163e-01,-1.6307e-01,-1.5440e-01,-1.4578e-01,-1.3734e-01
1.0204e-01,1.0276e-01,1.0357e-01,1.0437e-01,1.0507e-01,1.0557e-01,1.0575e-01,1.0550e-01,1.0472e-01,1.0331e-01,1.0124e-01,9.8520e-02,9.5246e-02,9.1593e-02,8.7798e-02,8.4134e-02,8.0850e-02,7.8137e-02,7.6085e-02,7.4686e-02,7.3850e-02,7.3446e-02,7.3342e-02,7.3445e-02,7.3715e-02,7.4167e-02,7.4857e-02,7.5854e-02,7.7214e-02,7.8961e-02,8.1068e-02,8.3454e-02,8.5990e-02,8.8512e-02,9.0841e-02,9.2807e-02,9.4273e-02,9.5150e-02,9.5403e-02,9.5053e-02,9.4162e-02,9.2809e-02,9.1075e-02,8.9020e-02,8.6670e-02,8.4018e-02,8.1022e-02,7.7621e-02,7.3742e-02,6.9316e-02,6.4291e-02,5.8640e-02,5.2368e-02,4.5518e-02,3.8163e-02,3.0406e-02,2.2365e-02,1.4160e-02,5.9065e-03,-2.2997e-03,-1.0387e-02,-1.8316e-02,-2.6078e-02,-3.3700e-02,-4.1239e-02,-4.8780e-02,-5.6432e-02,-6.4317e-02,-7.2562e-02,-8.1281e-02,-9.0568e-02,-1.0047e-01,-1.1099e-01,-1.2205e-01,-1.3350e-01,-1.4514e-01,-1.5668e-01,-1.6782e-01,-1.7820e-01,-1.8753e-01,-1.9551e-01,-2.0196e-01,-2.0675e-01,-2.0985e-01,-2.1132e-01,-2.1127e-01,-2.0985e-01,-2.0722e-01,-2.0350e-01,-1.9880e-01,-1.9319e-01,-1.8674e-01,-1.7952e-01,-1.7164e-01,-1.6323e-01,-1.5446e-01,-1.4548e-01,-1.3647e-01,-1.2757e-01,-1.1886e-01
9.6303e-02,9.6684e-02,9.7161e-02,9.7655e-02,9.8078e-02,9.8332e-02,9.8311e-02,9.7909e-02,9.7020e-02,9.5562e-02,9.3486e-02,9.0803e-02,8.7594e-02,8.4019e-02,8.0297e-02,7.6675e-02,7.3385e-02,7.0598e-02,6.8392e-02,6.6757e-02,6.5610e-02,6.4836e-02,6.4332e-02,6.4037e-02,6.3947e-02,6.4112e-02,6.4619e-02,6.5559e-02,6.7007e-02,6.8992e-02,7.1487e-02,7.4402e-02,7.7590e-02,8.0863e-02,8.4014e-02,8.6841e-02,8.9174e-02,9.0895e-02,9.1945e-02,9.2327e-02,9.2091e-02,9.1312e-02,9.0073e-02,8.8437e-02,8.6438e-02,8.4075e-02,8.1314e-02,7.8100e-02,7.4366e-02,7.0046e-02,6.5090e-02,5.9471e-02,5.3197e-02,4.6307e-02,3.8879e-02,3.1015e-02,2.2835e-02,1.4465e-02,6.0212e-03,-2.3948e-03,-1.0708e-02,-1.8874e-02,-2.6880e-02,-3.4749e-02,-4.2533e-02,-5.0314e-02,-5.8192e-02,-6.6286e-02,-7.4712e-02,-8.3580e-02,-9.2971e-02,-1.0293e-01,-1.1344e-01,-1.2441e-01,-1.3571e-01,-1.4709e-01,-1.5827e-01,-1.6893e-01,-1.7873e-01,-1.8733e-01,-1.9445e-01,-1.9989e-01,-2.0353e-01,-2.0536e-01,-2.0544e-01,-2.0393e-01,-2.0099e-01,-1.9683e-01,-1.9163e-01,-1.8552e-01,-1.7863e-01,-1.7104e-01,-1.6285e-01,-1.5416e-01,-1.4508e-01,-1.3577e-01,-1.2636e-01,-1.1700e-01,-1.0779e-01,-9.8794e-02
8.9882e-02,8.9900e-02,9.0033e-02,9.0206e-02,9.0339e-02,9.0341e-02,9.0114e-02,8.9555e-02,8.8563e-02,8.7056e-02,8.4981e-02,8.2339e-02,7.9199e-02,7.5702e-02,7.2044e-02,6.8454e-02,6.5140e-02,6.2258e-02,5.9877e-02,5.7985e-02,5.6509e-02,5.5354e-02,5.4443e-02,5.3748e-02,5.3298e-02,5.3179e-02,5.3504e-02,5.4391e-02,5.5929e-02,5.8157e-02,6.1048e-02,6.4505e-02,6.8366e-02,7.2421e-02,7.6434e-02,8.0173e-02,8.3435e-02,8.6069e-02,8.7991e-02,8.9180e-02,8.9672e-02,8.9537e-02,8.8853e-02,8.7688e-02,8.6082e-02,8.4042e-02,8.1543e-02,7.8537e-02,7.4963e-02,7.0761e-02,6.5883e-02,6.0306e-02,5.4036e-02,4.7115e-02,3.9621e-02,3.1657e-02,2.3346e-02,1.4815e-02,6.1867e-03,-2.4351e-03,-1.0971e-02,-1.9373e-02,-2.7624e-02,-3.5741e-02,-4.3773e-02,-5.1794e-02,-5.9901e-02,-6.8203e-02,-7.6809e-02,-8.5820e-02,-9.5306e-02,-1.0530e-01,-1.1578e-01,-1.2664e-01,-1.3773e-01,-1.4881e-01,-1.5958e-01,-1.6970e-01,-1.7882e-01,-1.8660e-01,-1.9277e-01,-1.9711e-01,-1.9952e-01,-1.9997e-01,-1.9857e-01,-1.9549e-01,-1.9095e-01,-1.8518e-01,-1.7842e-01,-1.7085e-01,-1.6263e-01,-1.5386e-01,-1.4466e-01,-1.3513e-01,-1.2537e-01,-1.1550e-01,-1.0564e-01,-9.5914e-02,-8.6387e-02,-7.7103e-02
8.2834e-02,8.2473e-02,8.2245e-02,8.2085e-02,8.1919e-02,8.1663e-02,8.1227e-02,8.0512e-02,7.9421e-02,7.7871e-02,7.5804e-02,7.3210e-02,7.0144e-02,6.6726e-02,6.3132e-02,5.9565e-02,5.6217e-02,5.3226e-02,5.0657e-02,4.8497e-02,4.6685e-02,4.5144e-02,4.3825e-02,4.2729e-02,4.1922e-02,4.1517e-02,4.1658e-02,4.2486e-02,4.4107e-02,4.6570e-02,4.9851e-02,5.3848e-02,5.8387e-02,6.3238e-02,6.8140e-02,7.2830e-02,7.7070e-02,8.0678e-02,8.3537e-02,8.5604e-02,8.6894e-02,8.7468e-02,8.7400e-02,8.6759e-02,8.5590e-02,8.3909e-02,8.1698e-02,7.8920e-02,7.5522e-02,7.1450e-02,6.6661e-02,6.1134e-02,5.4877e-02,4.7934e-02,4.0382e-02,3.2327e-02,2.3893e-02,1.5210e-02,6.4036e-03,-2.4185e-03,-1.1173e-02,-1.9807e-02,-2.8301e-02,-3.6665e-02,-4.4944e-02,-5.3207e-02,-6.1541e-02,-7.0049e-02,-7.8831e-02,-8.7976e-02,-9.7546e-02,-1.0756e-01,-1.1798e-01,-1.2870e-01,-1.3954e-01,-1.5026e-01,-1.6054e-01,-1.7004e-01,-1.7841e-01,-1.8529e-01,-1.9041e-01,-1.9355e-01,-1.9460e-01,-1.9359e-01,-1.9061e-01,-1.8587e-01,-1.7964e-01,-1.7219e-01,-1.6381e-01,-1.5472e-01,-1.4512e-01,-1.3514e-01,-1.2490e-01,-1.1450e-01,-1.0403e-01,-9.3593e-02,-8.3281e-02,-7.3174e-02,-6.3328e-02,-5.3760e-02
7.5220e-02,7.4464e-02,7.3865e-02,7.3362e-02,7.2891e-02,7.2374e-02,7.1727e-02,7.0859e-02,6.9674e-02,6.8088e-02,6.6037e-02,6.3500e-02,6.0516e-02,5.7182e-02,5.3653e-02,5.0110e-02,4.6723e-02,4.3620e-02,4.0857e-02,3.8426e-02,3.6277e-02,3.4354e-02,3.2630e-02,3.1138e-02,2.9973e-02,2.9280e-02,2.9230e-02,2.9986e-02,3.1672e-02,3.4351e-02,3.8002e-02,4.2523e-02,4.7730e-02,5.3377e-02,5.9179e-02,6.4843e-02,7.0099e-02,7.4729e-02,7.8584e-02,8.1592e-02,8.3747e-02,8.5094e-02,8.5701e-02,8.5635e-02,8.4947e-02,8.3659e-02,8.1766e-02,7.9237e-02,7.6031e-02,7.2101e-02,6.7412e-02,6.1945e-02,5.5711e-02,4.8756e-02,4.1156e-02,3.3019e-02,2.4472e-02,1.5646e-02,6.6704e-03,-2.3440e-03,-1.1311e-02,-2.0172e-02,-2.8903e-02,-3.7512e-02,-4.6035e-02,-5.4535e-02,-6.3094e-02,-7.1803e-02,-8.0753e-02,-9.0021e-02,-9.9657e-02,-1.0967e-01,-1.2000e-01,-1.3053e-01,-1.4107e-01,-1.5137e-01,-1.6110e-01,-1.6990e-01,-1.7742e-01,-1.8330e-01,-1.8726e-01,-1.8910e-01,-1.8871e-01,-1.8612e-01,-1.8147e-01,-1.7499e-01,-1.6699e-01,-1.5779e-01,-1.4773e-01,-1.3707e-01,-1.2605e-01,-1.1482e-01,-1.0351e-01,-9.2222e-02,-8.1029e-02,-7.0009e-02,-5.9231e-02,-4.8749e-02,-3.8598e-02,-2.8777e-02
6.7103e-02,6.5941e-02,6.4960e-02,6.4109e-02,6.3328e-02,6.2549e-02,6.1694e-02,6.0676e-02,5.9404e-02,5.7789e-02,5.5763e-02,5.3294e-02,5.0401e-02,4.7161e-02,4.3704e-02,4.0189e-02,3.6767e-02,3.3553e-02,3.0601e-02,2.7906e-02,2.5428e-02,2.3130e-02,2.1010e-02,1.9128e-02,1.7608e-02,1.6622e-02,1.6368e-02,1.7033e-02,1.8760e-02,2.1624e-02,2.5614e-02,3.0629e-02,3.6479e-02,4.2906e-02,4.9603e-02,5.6250e-02,6.2546e-02,6.8235e-02,7.3135e-02,7.7140e-02,8.0221e-02,8.2401e-02,8.3740e-02,8.4301e-02,8.4137e-02,8.3278e-02,8.1729e-02,7.9472e-02,7.6475e-02,7.2702e-02,6.8124e-02,6.2727e-02,5.6527e-02,4.9569e-02,4.1933e-02,3.3726e-02,2.5076e-02,1.6119e-02,6.9851e-03,-2.2118e-03,-1.1381e-02,-2.0461e-02,-2.9424e-02,-3.8270e-02,-4.7032e-02,-5.5764e-02,-6.4540e-02,-7.3442e-02,-8.2549e-02,-9.1925e-02,-1.0161e-01,-1.1158e-01,-1.2179e-01,-1.3209e-01,-1.4228e-01,-1.5209e-01,-1.6118e-01,-1.6920e-01,-1.7578e-01,-1.8056e-01,-1.8326e-01,-1.8368e-01,-1.8175e-01,-1.7749e-01,-1.7107e-01,-1.6276e-01,-1.5292e-01,-1.4191e-01,-1.3011e-01,-1.1784e-01,-1.0536e-01,-9.2852e-02,-8.0455e-02,-6.8257e-02,-5.6327e-02,-4.4718e-02,-3.3480e-02,-2.2645e-02,-1.2227e-02,-2.2229e-03
5.8551e-02,5.6973e-02,5.5605e-02,5.4400e-02,5.3307e-02,5.2266e-02,5.1206e-02,5.0043e-02,4.8690e-02,4.7056e-02,4.5067e-02,4.2677e-02,3.9888e-02,3.6753e-02,3.3379e-02,2.9902e-02,2.6456e-02,2.3143e-02,2.0013e-02,1.7066e-02,1.4274e-02,1.1617e-02,9.1144e-03,6.8514e-03,4.9776e-03,3.6936e-03,3.2215e-03,3.7710e-03,5.5058e-03,8.5167e-03,1.2804e-02,1.8270e-02,2.4725e-02,3.1901e-02,3.9474e-02,4.7100e-02,5.4444e-02,6.1217e-02,6.7198e-02,7.2249e-02,7.6308e-02,7.9378e-02,8.1502e-02,8.2738e-02,8.3141e-02,8.2747e-02,8.1571e-02,7.9608e-02,7.6838e-02,7.3236e-02,6.8781e-02,6.3467e-02,5.7312e-02,5.0363e-02,4.2702e-02,3.4438e-02,2.5699e-02,1.6624e-02,7.3439e-03,-2.0231e-03,-1.1384e-02,-2.0673e-02,-2.9856e-02,-3.8931e-02,-4.7923e-02,-5.6878e-02,-6.5861e-02,-7.4943e-02,-8.4192e-02,-9.3657e-02,-1.0336e-01,-1.1327e-01,-1.2331e-01,-1.3333e-01,-1.4310e-01,-1.5234e-01,-1.6072e-01,-1.6786e-01,-1.7339e-01,-1.7697e-01,-1.7830e-01,-1.7721e-01,-1.7361e-01,-1.6759e-01,-1.5932e-01,-1.4912e-01,-1.3737e-01,-1.2450e-01,-1.1092e-01,-9.6995e-02,-8.3023e-02,-6.9213e-02,-5.5703e-02,-4.2585e-02,-2.9913e-02,-1.7727e-02,-6.0550e-03,5.0844e-03,1.5684e-02,2.5754e-02
4.9630e-02,4.7630e-02,4.5869e-02,4.4309e-02,4.2905e-02,4.1604e-02,4.0341e-02,3.9041e-02,3.7614e-02,3.5971e-02,3.4030e-02,3.1733e-02,2.9061e-02,2.6047e-02,2.2773e-02,1.9350e-02,1.5896e-02,1.2501e-02,9.2126e-03,6.0348e-03,2.9501e-03,-4.6315e-05,-2.9137e-03,-5.5461e-03,-7.7692e-03,-9.3578e-03,-1.0065e-02,-9.6587e-03,-7.9537e-03,-4.8417e-03,-3.0853e-04,5.5572e-03,1.2567e-02,2.0448e-02,2.8863e-02,3.7446e-02,4.5833e-02,5.3700e-02,6.0789e-02,6.6921e-02,7.2004e-02,7.6012e-02,7.8971e-02,8.0930e-02,8.1942e-02,8.2047e-02,8.1273e-02,7.9626e-02,7.7102e-02,7.3686e-02,6.9368e-02,6.4148e-02,5.8050e-02,5.1123e-02,4.3451e-02,3.5143e-02,2.6331e-02,1.7152e-02,7.7419e-03,-1.7806e-03,-1.1318e-02,-2.0802e-02,-3.0194e-02,-3.9486e-02,-4.8695e-02,-5.7861e-02,-6.7037e-02,-7.6283e-02,-8.5653e-02,-9.5182e-02,-1.0487e-01,-1.1468e-01,-1.2450e-01,-1.3418e-01,-1.4347e-01,-1.5207e-01,-1.5964e-01,-1.6580e-01,-1.7018e-01,-1.7244e-01,-1.7229e-01,-1.6957e-01,-1.6423e-01,-1.5635e-01,-1.4615e-01,-1.3398e-01,-1.2028e-01,-1.0550e-01,-9.0103e-02,-7.4504e-02,-5.9021e-02,-4.3890e-02,-2.9258e-02,-1.5220e-02,-1.8206e-03,1.0911e-02,2.2956e-02,3.4303e-02,4.4949e-02,5.4895e-02
4.0410e-02,3.7983e-02,3.5827e-02,3.3910e-02,3.2196e-02,3.0638e-02,2.9179e-02,2.7746e-02,2.6254e-02,2.4613e-02,2.2731e-02,2.0541e-02,1.8003e-02,1.5128e-02,1.1972e-02,8.6256e-03,5.1859e-03,1.7337e-03,-1.6875e-03,-5.0692e-03,-8.4191e-03,-1.1728e-02,-1.4939e-02,-1.7925e-02,-2.0492e-02,-2.2390e-02,-2.3350e-02,-2.3117e-02,-2.1483e-02,-1.8320e-02,-1.3599e-02,-7.3953e-03,1.0862e-04,8.6381e-03,1.7848e-02,2.7353e-02,3.6763e-02,4.5720e-02,5.3926e-02,6.1166e-02,6.7308e-02,7.2297e-02,7.6135e-02,7.8859e-02,8.0518e-02,8.1157e-02,8.0812e-02,7.9506e-02,7.7246e-02,7.4032e-02,6.9865e-02,6.4753e-02,5.8725e-02,5.1834e-02,4.4165e-02,3.5831e-02,2.6961e-02,1.7696e-02,8.1720e-03,-1.4886e-03,-1.1187e-02,-2.0849e-02,-3.0434e-02,-3.9926e-02,-4.9337e-02,-5.8696e-02,-6.8047e-02,-7.7436e-02,-8.6903e-02,-9.6464e-02,-1.0611e-01,-1.1576e-01,-1.2532e-01,-1.3459e-01,-1.4331e-01,-1.5119e-01,-1.5785e-01,-1.6294e-01,-1.6605e-01,-1.6688e-01,-1.6514e-01,-1.6070e-01,-1.5350e-01,-1.4368e-01,-1.3149e-01,-1.1731e-01,-1.0160e-01,-8.4885e-02,-6.7659e-02,-5.0367e-02,-3.3364e-02,-1.6909e-02,-1.1630e-03,1.3777e-02,2.7861e-02,4.1065e-02,5.3374e-02,6.4773e-02,7.5253e-02,8.4801e-02
3.0960e-02,2.8103e-02,2.5551e-02,2.3278e-02,2.1257e-02,1.9446e-02,1.7794e-02,1.6235e-02,1.4687e-02,1.3056e-02,1.1247e-02,9.1776e-03,6.7920e-03,4.0766e-03,1.0630e-03,-2.1827e-03,-5.5800e-03,-9.0598e-03,-1.2582e-02,-1.6134e-02,-1.9716e-02,-2.3306e-02,-2.6834e-02,-3.0155e-02,-3.3056e-02,-3.5268e-02,-3.6498e-02,-3.6468e-02,-3.4948e-02,-3.1789e-02,-2.6942e-02,-2.0468e-02,-1.2540e-02,-3.4291e-03,6.5150e-03,1.6893e-02,2.7290e-02,3.7318e-02,4.6640e-02,5.4999e-02,6.2224e-02,6.8226e-02,7.2981e-02,7.6508e-02,7.8849e-02,8.0054e-02,8.0167e-02,7.9224e-02,7.7248e-02,7.4254e-02,7.0253e-02,6.5263e-02,5.9319e-02,5.2479e-02,4.4830e-02,3.6485e-02,2.7576e-02,1.8244e-02,8.6264e-03,-1.1528e-03,-1.0991e-02,-2.0813e-02,-3.0571e-02,-4.0244e-02,-4.9836e-02,-5.9368e-02,-6.8870e-02,-7.8376e-02,-8.7909e-02,-9.7467e-02,-1.0702e-01,-1.1647e-01,-1.2570e-01,-1.3448e-01,-1.4256e-01,-1.4962e-01,-1.5528e-01,-1.5917e-01,-1.6092e-01,-1.6020e-01,-1.5677e-01,-1.5049e-01,-1.4137e-01,-1.2954e-01,-1.1530e-01,-9.9056e-02,-8.1328e-02,-6.2663e-02,-4.3599e-02,-2.4618e-02,-6.1050e-03,1.1656e-02,2.8485e-02,4.4271e-02,5.8956e-02,7.2509e-02,8.4904e-02,9.6119e-02,1.0613e-01,1.1491e-01
2.1350e-02,1.8061e-02,1.5112e-02,1.2486e-02,1.0159e-02,8.0989e-03,6.2606e-03,4.5823e-03,2.9850e-03,1.3746e-03,-3.4991e-04,-2.2831e-03,-4.4985e-03,-7.0322e-03,-9.8780e-03,-1.2993e-02,-1.6315e-02,-1.9788e-02,-2.3373e-02,-2.7057e-02,-3.0832e-02,-3.4668e-02,-3.8481e-02,-4.2114e-02,-4.5337e-02,-4.7862e-02,-4.9377e-02,-4.9579e-02,-4.8216e-02,-4.5117e-02,-4.0210e-02,-3.3540e-02,-2.5264e-02,-1.5648e-02,-5.0410e-03,6.1469e-03,1.7483e-02,2.8546e-02,3.8965e-02,4.8441e-02,5.6761e-02,6.3798e-02,6.9498e-02,7.3859e-02,7.6914e-02,7.8715e-02,7.9312e-02,7.8756e-02,7.7085e-02,7.4328e-02,7.0509e-02,6.5657e-02,5.9813e-02,5.3040e-02,4.5428e-02,3.7092e-02,2.8163e-02,1.8785e-02,9.0949e-03,-7.8052e-04,-1.0737e-02,-2.0695e-02,-3.0603e-02,-4.0435e-02,-5.0183e-02,-5.9861e-02,-6.9487e-02,-7.9077e-02,-8.8638e-02,-9.8150e-02,-1.0756e-01,-1.1675e-01,-1.2557e-01,-1.3380e-01,-1.4115e-01,-1.4728e-01,-1.5183e-01,-1.5442e-01,-1.5469e-01,-1.5232e-01,-1.4709e-01,-1.3890e-01,-1.2777e-01,-1.1387e-01,-9.7541e-02,-7.9227e-02,-5.9474e-02,-3.8868e-02,-1.7985e-02,2.6578e-03,2.2646e-02,4.1664e-02,5.9504e-02,7.6034e-02,9.1176e-02,1.0488e-01,1.1710e-01,1.2780e-01,1.3693e-01,1.4446e-01
1.1650e-02,7.9281e-03,4.5841e-03,1.6057e-03,-1.0235e-03,-3.3294e-03,-5.3498e-03,-7.1418e-03,-8.7813e-03,-1.0362e-02,-1.1991e-02,-1.3773e-02,-1.5799e-02,-1.8128e-02,-2.0778e-02,-2.3730e-02,-2.6941e-02,-3.0366e-02,-3.3972e-02,-3.7745e-02,-4.1670e-02,-4.5710e-02,-4.9772e-02,-5.3689e-02,-5.7217e-02,-6.0053e-02,-6.1862e-02,-6.2323e-02,-6.1160e-02,-5.8175e-02,-5.3276e-02,-4.6485e-02,-3.7944e-02,-2.7906e-02,-1.6718e-02,-4.7938e-03,7.4160e-03,1.9466e-02,3.0949e-02,4.1524e-02,5.0936e-02,5.9017e-02,6.5679e-02,7.0898e-02,7.4695e-02,7.7116e-02,7.8224e-02,7.8077e-02,7.6731e-02,7.4229e-02,7.0610e-02,6.5912e-02,6.0185e-02,5.3497e-02,4.5941e-02,3.7632e-02,2.8706e-02,1.9304e-02,9.5666e-03,-3.8028e-04,-1.0429e-02,-2.0498e-02,-3.0530e-02,-4.0491e-02,-5.0368e-02,-6.0161e-02,-6.9875e-02,-7.9512e-02,-8.9058e-02,-9.8474e-02,-1.0768e-01,-1.1655e-01,-1.2489e-01,-1.3247e-01,-1.3899e-01,-1.4410e-01,-1.4744e-01,-1.4861e-01,-1.4729e-01,-1.4317e-01,-1.3605e-01,-1.2587e-01,-1.1267e-01,-9.6672e-02,-7.8239e-02,-5.7854e-02,-3.6098e-02,-1.3589e-02,9.0640e-03,3.1312e-02,5.2698e-02,7.2877e-02,9.1601e-02,1.0871e-01,1.2408e-01,1.3764e-01,1.4933e-01,1.5907e-01,1.6683e-01,1.7255e-01
1.9297e-03,-2.2256e-03,-5.9643e-03,-9.2927e-03,-1.2221e-02,-1.4769e-02,-1.6968e-02,-1.8869e-02,-2.0545e-02,-2.2089e-02,-2.3612e-02,-2.5229e-02,-2.7048e-02,-2.9147e-02,-3.1572e-02,-3.4326e-02,-3.7386e-02,-4.0720e-02,-4.4302e-02,-4.8114e-02,-5.2142e-02,-5.6340e-02,-6.0611e-02,-6.4778e-02,-6.8589e-02,-7.1725e-02,-7.3837e-02,-7.4580e-02,-7.3653e-02,-7.0837e-02,-6.6012e-02,-5.9178e-02,-5.0456e-02,-4.0086e-02,-2.8405e-02,-1.5831e-02,-2.8235e-03,1.0148e-02,2.2645e-02,3.4285e-02,4.4771e-02,5.3892e-02,6.1524e-02,6.7615e-02,7.2171e-02,7.5236e-02,7.6874e-02,7.7159e-02,7.6158e-02,7.3932e-02,7.0531e-02,6.6005e-02,6.0413e-02,5.3828e-02,4.6347e-02,3.8088e-02,2.9188e-02,1.9787e-02,1.0028e-02,3.7321e-05,-1.0076e-02,-2.0225e-02,-3.0349e-02,-4.0409e-02,-5.0380e-02,-6.0252e-02,-7.0015e-02,-7.9654e-02,-8.9136e-02,-9.8397e-02,-1.0734e-01,-1.1580e-01,-1.2359e-01,-1.3043e-01,-1.3602e-01,-1.4000e-01,-1.4201e-01,-1.4167e-01,-1.3865e-01,-1.3268e-01,-1.2361e-01,-1.1137e-01,-9.6073e-02,-7.7965e-02,-5.7441e-02,-3.5022e-02,-1.1317e-02,1.3024e-02,3.7358e-02,6.1103e-02,8.3761e-02,1.0494e-01,1.2435e-01,1.4178e-01,1.5706e-01,1.7009e-01,1.8077e-01,1.8903e-01,1.9481e-01,1.9810e-01
-7.7423e-03,-1.2331e-02,-1.6463e-02,-2.0139e-02,-2.3365e-02,-2.6151e-02,-2.8525e-02,-3.0532e-02,-3.2240e-02,-3.3742e-02,-3.5150e-02,-3.6590e-02,-3.8183e-02,-4.0031e-02,-4.2199e-02,-4.4719e-02,-4.7587e-02,-5.0784e-02,-5.4291e-02,-5.8092e-02,-6.2170e-02,-6.6476e-02,-7.0909e-02,-7.5288e-02,-7.9354e-02,-8.2777e-02,-8.5191e-02,-8.6232e-02,-8.5577e-02,-8.2978e-02,-7.8291e-02,-7.1490e-02,-6.2674e-02,-5.2064e-02,-3.9988e-02,-2.6857e-02,-1.3141e-02,6.7391e-04,1.4118e-02,2.6774e-02,3.8298e-02,4.8439e-02,5.7033e-02,6.4000e-02,6.9327e-02,7.3050e-02,7.5239e-02,7.5975e-02,7.5340e-02,7.3408e-02,7.0244e-02,6.5910e-02,6.0471e-02,5.4009e-02,4.6625e-02,3.8440e-02,2.9589e-02,2.0217e-02,1.0465e-02,4.6059e-04,-9.6847e-03,-1.9882e-02,-3.0065e-02,-4.0186e-02,-5.0213e-02,-6.0121e-02,-6.9887e-02,-7.9477e-02,-8.8835e-02,-9.7877e-02,-1.0648e-01,-1.1446e-01,-1.2159e-01,-1.2760e-01,-1.3216e-01,-1.3491e-01,-1.3549e-01,-1.3353e-01,-1.2872e-01,-1.2084e-01,-1.0974e-01,-9.5425e-02,-7.8021e-02,-5.7821e-02,-3.5256e-02,-1.0876e-02,1.4681e-02,4.0733e-02,6.6608e-02,9.1682e-02,1.1541e-01,1.3736e-01,1.5716e-01,1.7455e-01,1.8931e-01,2.0131e-01,2.1041e-01,2.1657e-01,2.1975e-01,2.2000e-01
-1.7296e-02,-2.2318e-02,-2.6843e-02,-3.0866e-02,-3.4386e-02,-3.7410e-02,-3.9957e-02,-4.2068e-02,-4.3805e-02,-4.5260e-02,-4.6548e-02,-4.7800e-02,-4.9151e-02,-5.0723e-02,-5.2607e-02,-5.4855e-02,-5.7487e-02,-6.0498e-02,-6.3878e-02,-6.7614e-02,-7.1686e-02,-7.6045e-02,-8.0589e-02,-8.5137e-02,-8.9423e-02,-9.3111e-02,-9.5821e-02,-9.7171e-02,-9.6815e-02,-9.4477e-02,-8.9989e-02,-8.3295e-02,-7.4471e-02,-6.3717e-02,-5.1344e-02,-3.7759e-02,-2.3433e-02,-8.8670e-03,5.4439e-03,1.9047e-02,3.1558e-02,4.2682e-02,5.2217e-02,6.0050e-02,6.6148e-02,7.0539e-02,7.3292e-02,7.4496e-02,7.4246e-02,7.2629e-02,6.9722e-02,6.5599e-02,6.0335e-02,5.4018e-02,4.6753e-02,3.8665e-02,2.9891e-02,2.0576e-02,1.0861e-02,8.7607e-04,-9.2671e-03,-1.9476e-02,-2.9679e-02,-3.9820e-02,-4.9859e-02,-5.9756e-02,-6.9472e-02,-7.8954e-02,-8.8125e-02,-9.6876e-02,-1.0506e-01,-1.1247e-01,-1.1886e-01,-1.2393e-01,-1.2736e-01,-1.2877e-01,-1.2782e-01,-1.2415e-01,-1.1749e-01,-1.0764e-01,-9.4489e-02,-7.8085e-02,-5.8605e-02,-3.6374e-02,-1.1858e-02,1.4361e-02,4.1617e-02,6.9203e-02,9.6409e-02,1.2257e-01,1.4709e-01,1.6945e-01,1.8924e-01,2.0612e-01,2.1984e-01,2.3020e-01,2.3711e-01,2.4053e-01,2.4052e-01,2.3721e-01
-2.6664e-02,-3.2119e-02,-3.7035e-02,-4.1405e-02,-4.5219e-02,-4.8479e-02,-5.1199e-02,-5.3413e-02,-5.5179e-02,-5.6584e-02,-5.7747e-02,-5.8803e-02,-5.9899e-02,-6.1175e-02,-6.2744e-02,-6.4684e-02,-6.7036e-02,-6.9813e-02,-7.3011e-02,-7.6624e-02,-8.0631e-02,-8.4985e-02,-8.9585e-02,-9.4250e-02,-9.8716e-02,-1.0264e-01,-1.0563e-01,-1.0729e-01,-1.0726e-01,-1.0522e-01,-1.0098e-01,-9.4466e-02,-8.5718e-02,-7.4914e-02,-6.2348e-02,-4.8416e-02,-3.3588e-02,-1.8375e-02,-3.2936e-03,1.1173e-02,2.4601e-02,3.6655e-02,4.7091e-02,5.5767e-02,6.2626e-02,6.7684e-02,7.1009e-02,7.2696e-02,7.2848e-02,7.1564e-02,6.8935e-02,6.5044e-02,5.9976e-02,5.3826e-02,4.6705e-02,3.8741e-02,3.0072e-02,2.0845e-02,1.1200e-02,1.2691e-03,-8.8343e-03,-1.9015e-02,-2.9195e-02,-3.9311e-02,-4.9312e-02,-5.9145e-02,-6.8752e-02,-7.8061e-02,-8.6973e-02,-9.5355e-02,-1.0303e-01,-1.0978e-01,-1.1533e-01,-1.1937e-01,-1.2156e-01,-1.2154e-01,-1.1897e-01,-1.1353e-01,-1.0496e-01,-9.3104e-02,-7.7911e-02,-5.9461e-02,-3.7977e-02,-1.3825e-02,1.2494e-02,4.0371e-02,6.9112e-02,9.7977e-02,1.2622e-01,1.5313e-01,1.7804e-01,2.0037e-01,2.1963e-01,2.3544e-01,2.4748e-01,2.5557e-01,2.5965e-01,2.5976e-01,2.5607e-01,2.4887e-01
-3.5775e-02,-4.1664e-02,-4.6973e-02,-5.1687e-02,-5.5796e-02,-5.9293e-02,-6.2187e-02,-6.4505e-02,-6.6301e-02,-6.7659e-02,-6.8694e-02,-6.9549e-02,-7.0379e-02,-7.1339e-02,-7.2567e-02,-7.4163e-02,-7.6191e-02,-7.8681e-02,-8.1643e-02,-8.5073e-02,-8.8955e-02,-9.3243e-02,-9.7838e-02,-1.0257e-01,-1.0716e-01,-1.1128e-01,-1.1454e-01,-1.1650e-01,-1.1680e-01,-1.1509e-01,-1.1115e-01,-1.0488e-01,-9.6286e-02,-8.5526e-02,-7.2871e-02,-5.8704e-02,-4.3489e-02,-2.7744e-02,-1.2001e-02,3.2285e-03,1.7487e-02,3.0398e-02,4.1681e-02,5.1160e-02,5.8757e-02,6.4472e-02,6.8369e-02,7.0547e-02,7.1115e-02,7.0184e-02,6.7853e-02,6.4215e-02,5.9366e-02,5.3408e-02,4.6456e-02,3.8643e-02,3.0109e-02,2.1002e-02,1.1463e-02,1.6240e-03,-8.3994e-03,-1.8508e-02,-2.8618e-02,-3.8660e-02,-4.8568e-02,-5.8277e-02,-6.7711e-02,-7.6777e-02,-8.5352e-02,-9.3278e-02,-1.0036e-01,-1.0634e-01,-1.1095e-01,-1.1386e-01,-1.1472e-01,-1.1319e-01,-1.0893e-01,-1.0166e-01,-9.1169e-02,-7.7326e-02,-6.0136e-02,-3.9725e-02,-1.6364e-02,9.5403e-03,3.7454e-02,6.6737e-02,9.6665e-02,1.2647e-01,1.5536e-01,1.8256e-01,2.0736e-01,2.2910e-01,2.4723e-01,2.6130e-01,2.7102e-01,2.7622e-01,2.7692e-01,2.7329e-01,2.6564e-01,2.5444e-01
-4.4562e-02,-5.0885e-02,-5.6586e-02,-6.1648e-02,-6.6051e-02,-6.9787e-02,-7.2857e-02,-7.5282e-02,-7.7112e-02,-7.8425e-02,-7.9335e-02,-7.9985e-02,-8.0541e-02,-8.1171e-02,-8.2032e-02,-8.3250e-02,-8.4912e-02,-8.7066e-02,-8.9735e-02,-9.2923e-02,-9.6616e-02,-1.0077e-01,-1.0530e-01,-1.1003e-01,-1.1470e-01,-1.1898e-01,-1.2246e-01,-1.2471e-01,-1.2534e-01,-1.2398e-01,-1.2039e-01,-1.1441e-01,-1.0605e-01,-9.5423e-02,-8.2782e-02,-6.8494e-02,-5.3014e-02,-3.6860e-02,-2.0577e-02,-4.6992e-03,1.0285e-02,2.3963e-02,3.6019e-02,4.6247e-02,5.4542e-02,6.0892e-02,6.5354e-02,6.8025e-02,6.9021e-02,6.8457e-02,6.6443e-02,6.3081e-02,5.8474e-02,5.2733e-02,4.5978e-02,3.8345e-02,2.9979e-02,2.1026e-02,1.1630e-02,1.9232e-03,-7.9765e-03,-1.7966e-02,-2.7957e-02,-3.7869e-02,-4.7626e-02,-5.7146e-02,-6.6336e-02,-7.5080e-02,-8.3234e-02,-9.0617e-02,-9.7004e-02,-1.0213e-01,-1.0570e-01,-1.0739e-01,-1.0684e-01,-1.0372e-01,-9.7735e-02,-8.8623e-02,-7.6214e-02,-6.0439e-02,-4.1347e-02,-1.9119e-02,5.9285e-03,3.3348e-02,6.2571e-02,9.2923e-02,1.2365e-01,1.5395e-01,1.8299e-01,2.0993e-01,2.3401e-01,2.5450e-01,2.7081e-01,2.8249e-01,2.8927e-01,2.9106e-01,2.8800e-01,2.8042e-01,2.6880e-01,2.5377e-01
-5.2955e-02,-5.9714e-02,-6.5809e-02,-7.1218e-02,-7.5918e-02,-7.9895e-02,-8.3146e-02,-8.5685e-02,-8.7554e-02,-8.8827e-02,-8.9616e-02,-9.0063e-02,-9.0339e-02,-9.0627e-02,-9.1102e-02,-9.1911e-02,-9.3164e-02,-9.4933e-02,-9.7253e-02,-1.0014e-01,-1.0358e-01,-1.0754e-01,-1.1193e-01,-1.1659e-01,-1.2128e-01,-1.2566e-01,-1.2932e-01,-1.3185e-01,-1.3279e-01,-1.3180e-01,-1.2857e-01,-1.2295e-01,-1.1488e-01,-1.0448e-01,-9.1952e-02,-7.7657e-02,-6.2035e-02,-4.5603e-02,-2.8912e-02,-1.2515e-02,3.0730e-03,1.7410e-02,3.0148e-02,4.1051e-02,4.9991e-02,5.6941e-02,6.1949e-02,6.5108e-02,6.6536e-02,6.6353e-02,6.4674e-02,6.1610e-02,5.7269e-02,5.1771e-02,4.5241e-02,3.7821e-02,2.9655e-02,2.0894e-02,1.1681e-02,2.1491e-03,-7.5806e-03,-1.7402e-02,-2.7218e-02,-3.6942e-02,-4.6483e-02,-5.5744e-02,-6.4614e-02,-7.2955e-02,-8.0600e-02,-8.7345e-02,-9.2946e-02,-9.7123e-02,-9.9565e-02,-9.9939e-02,-9.7913e-02,-9.3170e-02,-8.5436e-02,-7.4499e-02,-6.0239e-02,-4.2637e-02,-2.1801e-02,2.0352e-03,2.8508e-02,5.7127e-02,8.7287e-02,1.1828e-01,1.4933e-01,1.7958e-01,2.0815e-01,2.3419e-01,2.5685e-01,2.7539e-01,2.8922e-01,2.9790e-01,3.0124e-01,2.9930e-01,2.9234e-01,2.8088e-01,2.6556e-01,2.4713e-01
-6.0885e-02,-6.8081e-02,-7.4572e-02,-8.0330e-02,-8.5331e-02,-8.9554e-02,-9.2990e-02,-9.5648e-02,-9.7565e-02,-9.8807e-02,-9.9482e-02,-9.9730e-02,-9.9728e-02,-9.9666e-02,-9.9736e-02,-1.0011e-01,-1.0092e-01,-1.0225e-01,-1.0417e-01,-1.0669e-01,-1.0981e-01,-1.1350e-01,-1.1769e-01,-1.2222e-01,-1.2685e-01,-1.3127e-01,-1.3508e-01,-1.3783e-01,-1.3908e-01,-1.3844e-01,-1.3561e-01,-1.3038e-01,-1.2267e-01,-1.1256e-01,-1.0025e-01,-8.6061e-02,-7.0424e-02,-5.3849e-02,-3.6892e-02,-2.0118e-02,-4.0604e-03,1.0811e-02,2.4121e-02,3.5607e-02,4.5122e-02,5.2622e-02,5.8144e-02,6.1778e-02,6.3637e-02,6.3843e-02,6.2514e-02,5.9767e-02,5.5718e-02,5.0490e-02,4.4216e-02,3.7041e-02,2.9112e-02,2.0581e-02,1.1593e-02,2.2825e-03,-7.2279e-03,-1.6827e-02,-2.6411e-02,-3.5883e-02,-4.5140e-02,-5.4068e-02,-6.2537e-02,-7.0389e-02,-7.7435e-02,-8.3448e-02,-8.8168e-02,-9.1302e-02,-9.2532e-02,-9.1532e-02,-8.7984e-02,-8.1598e-02,-7.2138e-02,-5.9443e-02,-4.3444e-02,-2.4184e-02,-1.8274e-03,2.3336e-02,5.0893e-02,8.0311e-02,1.1095e-01,1.4206e-01,1.7284e-01,2.0240e-01,2.2984e-01,2.5424e-01,2.7477e-01,2.9068e-01,3.0141e-01,3.0664e-01,3.0627e-01,3.0052e-01,2.8982e-01,2.7482e-01,2.5631e-01,2.3512e-01
-6.8282e-02,-7.5918e-02,-8.2806e-02,-8.8918e-02,-9.4222e-02,-9.8696e-02,-1.0232e-01,-1.0511e-01,-1.0708e-01,-1.0831e-01,-1.0888e-01,-1.0894e-01,-1.0866e-01,-1.0824e-01,-1.0790e-01,-1.0781e-01,-1.0814e-01,-1.0900e-01,-1.1046e-01,-1.1255e-01,-1.1529e-01,-1.1865e-01,-1.2256e-01,-1.2688e-01,-1.3139e-01,-1.3578e-01,-1.3966e-01,-1.4259e-01,-1.4412e-01,-1.4384e-01,-1.4140e-01,-1.3659e-01,-1.2929e-01,-1.1956e-01,-1.0755e-01,-9.3578e-02,-7.8052e-02,-6.1475e-02,-4.4399e-02,-2.7398e-02,-1.1021e-02,4.2429e-03,1.7998e-02,2.9959e-02,3.9961e-02,4.7946e-02,5.3939e-02,5.8020e-02,6.0300e-02,6.0898e-02,5.9932e-02,5.7521e-02,5.3786e-02,4.8857e-02,4.2871e-02,3.5975e-02,2.8322e-02,2.0063e-02,1.1345e-02,2.3035e-03,-6.9349e-03,-1.6255e-02,-2.5546e-02,-3.4699e-02,-4.3599e-02,-5.2116e-02,-6.0101e-02,-6.7375e-02,-7.3728e-02,-7.8917e-02,-8.2667e-02,-8.4676e-02,-8.4627e-02,-8.2207e-02,-7.7120e-02,-6.9112e-02,-5.7993e-02,-4.3655e-02,-2.6091e-02,-5.4070e-03,1.8173e-02,4.4304e-02,7.2522e-02,1.0225e-01,1.3282e-01,1.6344e-01,1.9329e-01,2.2145e-01,2.4701e-01,2.6905e-01,2.8677e-01,2.9947e-01,3.0668e-01,3.0821e-01,3.0412e-01,2.9476e-01,2.8073e-01,2.6279e-01,2.4180e-01,2.1863e-01
-7.5078e-02,-8.3155e-02,-9.0444e-02,-9.6912e-02,-1.0252e-01,-1.0725e-01,-1.1108e-01,-1.1401e-01,-1.1605e-01,-1.1727e-01,-1.1775e-01,-1.1763e-01,-1.1708e-01,-1.1632e-01,-1.1555e-01,-1.1498e-01,-1.1480e-01,-1.1514e-01,-1.1609e-01,-1.1771e-01,-1.2001e-01,-1.2296e-01,-1.2652e-01,-1.3055e-01,-1.3487e-01,-1.3915e-01,-1.4304e-01,-1.4610e-01,-1.4786e-01,-1.4790e-01,-1.4586e-01,-1.4149e-01,-1.3465e-01,-1.2535e-01,-1.1373e-01,-1.0008e-01,-8.4792e-02,-6.8352e-02,-5.1311e-02,-3.4244e-02,-1.7708e-02,-2.2063e-03,1.1849e-02,2.4160e-02,3.4544e-02,4.2932e-02,4.9336e-02,5.3828e-02,5.6509e-02,5.7493e-02,5.6896e-02,5.4837e-02,5.1440e-02,4.6838e-02,4.1172e-02,3.4593e-02,2.7255e-02,1.9313e-02,1.0912e-02,2.1918e-03,-6.7193e-03,-1.5700e-02,-2.4633e-02,-3.3398e-02,-4.1865e-02,-4.9890e-02,-5.7303e-02,-6.3909e-02,-6.9480e-02,-7.3757e-02,-7.6454e-02,-7.7270e-02,-7.5895e-02,-7.2036e-02,-6.5428e-02,-5.5861e-02,-4.3198e-02,-2.7393e-02,-8.5036e-03,1.3300e-02,3.7732e-02,6.4391e-02,9.2766e-02,1.2224e-01,1.5211e-01,1.8157e-01,2.0977e-01,2.3580e-01,2.5875e-01,2.7777e-01,2.9211e-01,3.0119e-01,3.0469e-01,3.0254e-01,2.9498e-01,2.8250e-01,2.6579e-01,2.4566e-01,2.2300e-01,1.9866e-01
-8.1203e-02,-8.9723e-02,-9.7415e-02,-1.0424e-01,-1.1017e-01,-1.1516e-01,-1.1920e-01,-1.2228e-01,-1.2440e-01,-1.2562e-01,-1.2603e-01,-1.2575e-01,-1.2495e-01,-1.2384e-01,-1.2265e-01,-1.2159e-01,-1.2088e-01,-1.2066e-01,-1.2106e-01,-1.2214e-01,-1.2393e-01,-1.2642e-01,-1.2955e-01,-1.3323e-01,-1.3726e-01,-1.4136e-01,-1.4519e-01,-1.4830e-01,-1.5024e-01,-1.5057e-01,-1.4892e-01,-1.4499e-01,-1.3863e-01,-1.2982e-01,-1.1868e-01,-1.0545e-01,-9.0519e-02,-7.4357e-02,-5.7506e-02,-4.0538e-02,-2.4015e-02,-8.4436e-03,5.7544e-03,1.8271e-02,2.8916e-02,3.7608e-02,4.4350e-02,4.9201e-02,5.2252e-02,5.3608e-02,5.3379e-02,5.1684e-02,4.8645e-02,4.4397e-02,3.9085e-02,3.2862e-02,2.5883e-02,1.8303e-02,1.0271e-02,1.9264e-03,-6.5986e-03,-1.5177e-02,-2.3683e-02,-3.1986e-02,-3.9943e-02,-4.7392e-02,-5.4148e-02,-5.9997e-02,-6.4698e-02,-6.7981e-02,-6.9557e-02,-6.9130e-02,-6.6407e-02,-6.1121e-02,-5.3051e-02,-4.2037e-02,-2.8003e-02,-1.0969e-02,8.9408e-03,3.1487e-02,5.6326e-02,8.3002e-02,1.1096e-01,1.3955e-01,1.6804e-01,1.9563e-01,2.2146e-01,2.4465e-01,2.6437e-01,2.7984e-01,2.9043e-01,2.9572e-01,2.9556e-01,2.9003e-01,2.7950e-01,2.6456e-01,2.4594e-01,2.2447e-01,2.0097e-01,1.7626e-01
-8.6588e-02,-9.5554e-02,-1.0365e-01,-1.1084e-01,-1.1709e-01,-1.2235e-01,-1.2661e-01,-1.2985e-01,-1.3207e-01,-1.3332e-01,-1.3367e-01,-1.3324e-01,-1.3221e-01,-1.3077e-01,-1.2916e-01,-1.2760e-01,-1.2634e-01,-1.2554e-01,-1.2534e-01,-1.2584e-01,-1.2706e-01,-1.2901e-01,-1.3166e-01,-1.3490e-01,-1.3856e-01,-1.4240e-01,-1.4607e-01,-1.4916e-01,-1.5122e-01,-1.5180e-01,-1.5050e-01,-1.4701e-01,-1.4116e-01,-1.3288e-01,-1.2228e-01,-1.0957e-01,-9.5112e-02,-7.9367e-02,-6.2864e-02,-4.6166e-02,-2.9833e-02,-1.4371e-02,-2.0185e-04,1.2363e-02,2.3131e-02,3.2013e-02,3.9002e-02,4.4146e-02,4.7523e-02,4.9226e-02,4.9357e-02,4.8030e-02,4.5366e-02,4.1499e-02,3.6575e-02,3.0748e-02,2.4174e-02,1.7007e-02,9.3968e-03,1.4855e-03,-6.5912e-03,-1.4701e-02,-2.2709e-02,-3.0474e-02,-3.7840e-02,-4.4629e-02,-5.0641e-02,-5.5649e-02,-5.9399e-02,-6.1618e-02,-6.2021e-02,-6.0323e-02,-5.6259e-02,-4.9599e-02,-4.0170e-02,-2.7873e-02,-1.2698e-02,5.2639e-03,2.5819e-02,4.8666e-02,7.3400e-02,9.9520e-02,1.2644e-01,1.5347e-01,1.7990e-01,2.0491e-01,2.2770e-01,2.4747e-01,2.6346e-01,2.7504e-01,2.8175e-01,2.8335e-01,2.7984e-01,2.7144e-01,2.5863e-01,2.4202e-01,2.2233e-01,2.0035e-01,1.7682e-01,1.5247e-01
-9.1165e-02,-1.0058e-01,-1.0909e-01,-1.1664e-01,-1.2322e-01,-1.2876e-01,-1.3324e-01,-1.3665e-01,-1.3899e-01,-1.4028e-01,-1.4060e-01,-1.4005e-01,-1.3881e-01,-1.3705e-01,-1.3503e-01,-1.3299e-01,-1.3116e-01,-1.2975e-01,-1.2892e-01,-1.2878e-01,-1.2939e-01,-1.3074e-01,-1.3282e-01,-1.3555e-01,-1.3877e-01,-1.4226e-01,-1.4569e-01,-1.4868e-01,-1.5077e-01,-1.5153e-01,-1.5055e-01,-1.4749e-01,-1.4215e-01,-1.3444e-01,-1.2443e-01,-1.1233e-01,-9.8457e-02,-8.3265e-02,-6.7265e-02,-5.1012e-02,-3.5052e-02,-1.9886e-02,-5.9285e-03,6.5152e-03,1.7253e-02,2.6195e-02,3.3325e-02,3.8680e-02,4.2323e-02,4.4336e-02,4.4810e-02,4.3850e-02,4.1573e-02,3.8111e-02,3.3609e-02,2.8218e-02,2.2095e-02,1.5394e-02,8.2638e-03,8.4752e-04,-6.7155e-03,-1.4287e-02,-2.1723e-02,-2.8872e-02,-3.5564e-02,-4.1609e-02,-4.6794e-02,-5.0881e-02,-5.3610e-02,-5.4711e-02,-5.3908e-02,-5.0940e-02,-4.5576e-02,-3.7635e-02,-2.7000e-02,-1.3640e-02,2.3846e-03,2.0912e-02,4.1680e-02,6.4326e-02,8.8397e-02,1.1335e-01,1.3858e-01,1.6340e-01,1.8709e-01,2.0891e-01,2.2811e-01,2.4401e-01,2.5599e-01,2.6359e-01,2.6655e-01,2.6478e-01,2.5843e-01,2.4784e-01,2.3351e-01,2.1605e-01,1.9612e-01,1.7440e-01,1.5156e-01,1.2820e-01
-9.4865e-02,-1.0473e-01,-1.1365e-01,-1.2158e-01,-1.2848e-01,-1.3431e-01,-1.3903e-01,-1.4263e-01,-1.4509e-01,-1.4645e-01,-1.4676e-01,-1.4612e-01,-1.4468e-01,-1.4264e-01,-1.4023e-01,-1.3770e-01,-1.3530e-01,-1.3327e-01,-1.3178e-01,-1.3097e-01,-1.3090e-01,-1.3160e-01,-1.3306e-01,-1.3520e-01,-1.3789e-01,-1.4094e-01,-1.4404e-01,-1.4683e-01,-1.4889e-01,-1.4976e-01,-1.4903e-01,-1.4637e-01,-1.4153e-01,-1.3441e-01,-1.2505e-01,-1.1363e-01,-1.0045e-01,-8.5941e-02,-7.0599e-02,-5.4962e-02,-3.9563e-02,-2.4886e-02,-1.1331e-02,8.1019e-04,1.1353e-02,2.0210e-02,2.7359e-02,3.2828e-02,3.6665e-02,3.8938e-02,3.9725e-02,3.9121e-02,3.7237e-02,3.4200e-02,3.0150e-02,2.5238e-02,1.9616e-02,1.3436e-02,6.8461e-03,-1.0120e-05,-6.9900e-03,-1.3949e-02,-2.0737e-02,-2.7190e-02,-3.3127e-02,-3.8346e-02,-4.2624e-02,-4.5718e-02,-4.7368e-02,-4.7312e-02,-4.5296e-02,-4.1090e-02,-3.4508e-02,-2.5424e-02,-1.3788e-02,3.6176e-04,1.6891e-02,3.5568e-02,5.6066e-02,7.7971e-02,1.0079e-01,1.2396e-01,1.4687e-01,1.6885e-01,1.8924e-01,2.0736e-01,2.2259e-01,2.3438e-01,2.4231e-01,2.4609e-01,2.4562e-01,2.4100e-01,2.3247e-01,2.2043e-01,2.0537e-01,1.8784e-01,1.6841e-01,1.4765e-01,1.2610e-01,1.0424e-01
-9.7622e-02,-1.0793e-01,-1.1727e-01,-1.2557e-01,-1.3281e-01,-1.3894e-01,-1.4391e-01,-1.4771e-01,-1.5032e-01,-1.5176e-01,-1.5209e-01,-1.5138e-01,-1.4978e-01,-1.4748e-01,-1.4470e-01,-1.4170e-01,-1.3875e-01,-1.3608e-01,-1.3391e-01,-1.3239e-01,-1.3160e-01,-1.3159e-01,-1.3236e-01,-1.3385e-01,-1.3594e-01,-1.3845e-01,-1.4113e-01,-1.4363e-01,-1.4555e-01,-1.4645e-01,-1.4592e-01,-1.4360e-01,-1.3925e-01,-1.3273e-01,-1.2405e-01,-1.1338e-01,-1.0099e-01,-8.7291e-02,-7.2759e-02,-5.7911e-02,-4.3260e-02,-2.9268e-02,-1.6312e-02,-4.6632e-03,5.5092e-03,1.4123e-02,2.1157e-02,2.6627e-02,3.0569e-02,3.3036e-02,3.4094e-02,3.3825e-02,3.2332e-02,2.9735e-02,2.6168e-02,2.1776e-02,1.6705e-02,1.1104e-02,5.1173e-03,-1.1099e-03,-7.4338e-03,-1.3705e-02,-1.9764e-02,-2.5439e-02,-3.0539e-02,-3.4853e-02,-3.8151e-02,-4.0190e-02,-4.0718e-02,-3.9491e-02,-3.6282e-02,-3.0905e-02,-2.3226e-02,-1.3184e-02,-7.9856e-04,1.3816e-02,3.0456e-02,4.8824e-02,6.8538e-02,8.9145e-02,1.1013e-01,1.3092e-01,1.5094e-01,1.6956e-01,1.8620e-01,2.0030e-01,2.1138e-01,2.1907e-01,2.2311e-01,2.2342e-01,2.2005e-01,2.1321e-01,2.0321e-01,1.9046e-01,1.7539e-01,1.5849e-01,1.4019e-01,1.2095e-01,1.0117e-01,8.1215e-02
-9.9368e-02,-1.1013e-01,-1.1988e-01,-1.2857e-01,-1.3615e-01,-1.4257e-01,-1.4781e-01,-1.5182e-01,-1.5460e-01,-1.5615e-01,-1.5651e-01,-1.5577e-01,-1.5404e-01,-1.5151e-01,-1.4840e-01,-1.4496e-01,-1.4146e-01,-1.3816e-01,-1.3529e-01,-1.3303e-01,-1.3149e-01,-1.3072e-01,-1.3074e-01,-1.3151e-01,-1.3292e-01,-1.3482e-01,-1.3699e-01,-1.3910e-01,-1.4077e-01,-1.4161e-01,-1.4120e-01,-1.3917e-01,-1.3527e-01,-1.2934e-01,-1.2137e-01,-1.1150e-01,-9.9995e-02,-8.7224e-02,-7.3647e-02,-5.9758e-02,-4.6043e-02,-3.2934e-02,-2.0776e-02,-9.8143e-03,-1.9575e-04,8.0083e-03,1.4778e-02,2.0123e-02,2.4067e-02,2.6649e-02,2.7921e-02,2.7954e-02,2.6841e-02,2.4693e-02,2.1633e-02,1.7799e-02,1.3330e-02,8.3672e-03,3.0517e-03,-2.4744e-03,-8.0656e-03,-1.3569e-02,-1.8818e-02,-2.3632e-02,-2.7814e-02,-3.1147e-02,-3.3400e-02,-3.4335e-02,-3.3716e-02,-3.1325e-02,-2.6974e-02,-2.0528e-02,-1.1916e-02,-1.1445e-03,1.1691e-02,2.6405e-02,4.2726e-02,6.0301e-02,7.8707e-02,9.7469e-02,1.1607e-01,1.3396e-01,1.5061e-01,1.6548e-01,1.7810e-01,1.8805e-01,1.9501e-01,1.9880e-01,1.9933e-01,1.9668e-01,1.9102e-01,1.8264e-01,1.7186e-01,1.5908e-01,1.4465e-01,1.2894e-01,1.1229e-01,9.4998e-02,7.7346e-02,5.9604e-02
-1.0004e-01,-1.1125e-01,-1.2142e-01,-1.3049e-01,-1.3842e-01,-1.4515e-01,-1.5066e-01,-1.5490e-01,-1.5786e-01,-1.5954e-01,-1.5997e-01,-1.5922e-01,-1.5741e-01,-1.5469e-01,-1.5128e-01,-1.4742e-01,-1.4340e-01,-1.3948e-01,-1.3591e-01,-1.3289e-01,-1.3056e-01,-1.2899e-01,-1.2821e-01,-1.2820e-01,-1.2886e-01,-1.3007e-01,-1.3162e-01,-1.3324e-01,-1.3458e-01,-1.3525e-01,-1.3486e-01,-1.3305e-01,-1.2956e-01,-1.2420e-01,-1.1696e-01,-1.0794e-01,-9.7389e-02,-8.5657e-02,-7.3178e-02,-6.0415e-02,-4.7820e-02,-3.5789e-02,-2.4630e-02,-1.4551e-02,-5.6749e-03,1.9446e-03,8.2918e-03,1.3372e-02,1.7200e-02,1.9802e-02,2.1219e-02,2.1509e-02,2.0754e-02,1.9053e-02,1.6520e-02,1.3281e-02,9.4628e-03,5.1991e-03,6.2342e-04,-4.1262e-03,-8.9045e-03,-1.3556e-02,-1.7910e-02,-2.1782e-02,-2.4967e-02,-2.7248e-02,-2.8399e-02,-2.8196e-02,-2.6425e-02,-2.2903e-02,-1.7493e-02,-1.0118e-02,-7.7410e-04,1.0457e-02,2.3407e-02,3.7823e-02,5.3376e-02,6.9671e-02,8.6262e-02,1.0267e-01,1.1840e-01,1.3297e-01,1.4591e-01,1.5681e-01,1.6532e-01,1.7118e-01,1.7426e-01,1.7452e-01,1.7206e-01,1.6704e-01,1.5974e-01,1.5047e-01,1.3956e-01,1.2732e-01,1.1404e-01,9.9980e-02,8.5344e-02,7.0313e-02,5.5049e-02,3.9717e-02
-9.9577e-02,-1.1124e-01,-1.2182e-01,-1.3128e-01,-1.3956e-01,-1.4661e-01,-1.5240e-01,-1.5689e-01,-1.6005e-01,-1.6188e-01,-1.6240e-01,-1.6168e-01,-1.5981e-01,-1.5695e-01,-1.5328e-01,-1.4905e-01,-1.4454e-01,-1.4002e-01,-1.3575e-01,-1.3197e-01,-1.2882e-01,-1.2641e-01,-1.2479e-01,-1.2393e-01,-1.2378e-01,-1.2422e-01,-1.2508e-01,-1.2611e-01,-1.2700e-01,-1.2740e-01,-1.2693e-01,-1.2526e-01,-1.2210e-01,-1.1729e-01,-1.1077e-01,-1.0264e-01,-9.3113e-02,-8.2526e-02,-7.1278e-02,-5.9802e-02,-4.8508e-02,-3.7748e-02,-2.7784e-02,-1.8784e-02,-1.0840e-02,-3.9842e-03,1.7743e-03,6.4402e-03,1.0022e-02,1.2536e-02,1.4013e-02,1.4501e-02,1.4069e-02,1.2806e-02,1.0811e-02,8.1966e-03,5.0775e-03,1.5731e-03,-2.1921e-03,-6.0870e-03,-9.9692e-03,-1.3683e-02,-1.7057e-02,-1.9901e-02,-2.2012e-02,-2.3177e-02,-2.3181e-02,-2.1819e-02,-1.8912e-02,-1.4321e-02,-7.9651e-03,1.6580e-04,1.0003e-02,2.1391e-02,3.4093e-02,4.7798e-02,6.2133e-02,7.6678e-02,9.0988e-02,1.0461e-01,1.1710e-01,1.2804e-01,1.3709e-01,1.4395e-01,1.4844e-01,1.5047e-01,1.5004e-01,1.4729e-01,1.4240e-01,1.3565e-01,1.2733e-01,1.1777e-01,1.0724e-01,9.6010e-02,8.4276e-02,7.2179e-02,5.9814e-02,4.7246e-02,3.4529e-02,2.1730e-02
-9.7915e-02,-1.1002e-01,-1.2102e-01,-1.3087e-01,-1.3950e-01,-1.4688e-01,-1.5296e-01,-1.5771e-01,-1.6109e-01,-1.6309e-01,-1.6374e-01,-1.6308e-01,-1.6120e-01,-1.5823e-01,-1.5435e-01,-1.4979e-01,-1.4483e-01,-1.3974e-01,-1.3480e-01,-1.3024e-01,-1.2627e-01,-1.2299e-01,-1.2048e-01,-1.1874e-01,-1.1771e-01,-1.1731e-01,-1.1738e-01,-1.1772e-01,-1.1806e-01,-1.1808e-01,-1.1743e-01,-1.1580e-01,-1.1291e-01,-1.0859e-01,-1.0279e-01,-9.5564e-02,-8.7128e-02,-7.7781e-02,-6.7894e-02,-5.7858e-02,-4.8039e-02,-3.8735e-02,-3.0157e-02,-2.2428e-02,-1.5602e-02,-9.6912e-03,-4.6919e-03,-5.9801e-04,2.5963e-03,4.9013e-03,6.3397e-03,6.9518e-03,6.7962e-03,5.9484e-03,4.4950e-03,2.5301e-03,1.5253e-04,-2.5337e-03,-5.4178e-03,-8.3778e-03,-1.1278e-02,-1.3966e-02,-1.6270e-02,-1.8004e-02,-1.8967e-02,-1.8958e-02,-1.7779e-02,-1.5255e-02,-1.1249e-02,-5.6760e-03,1.4815e-03,1.0163e-02,2.0226e-02,3.1444e-02,4.3523e-02,5.6104e-02,6.8789e-02,8.1159e-02,9.2789e-02,1.0328e-01,1.1225e-01,1.1942e-01,1.2454e-01,1.2749e-01,1.2821e-01,1.2678e-01,1.2335e-01,1.1814e-01,1.1143e-01,1.0353e-01,9.4751e-02,8.5385e-02,7.5674e-02,6.5799e-02,5.5874e-02,4.5942e-02,3.5998e-02,2.6003e-02,1.5911e-02,5.7022e-03
-9.4996e-02,-1.0755e-01,-1.1896e-01,-1.2920e-01,-1.3819e-01,-1.4591e-01,-1.5229e-01,-1.5730e-01,-1.6092e-01,-1.6312e-01,-1.6393e-01,-1.6336e-01,-1.6150e-01,-1.5847e-01,-1.5443e-01,-1.4960e-01,-1.4423e-01,-1.3861e-01,-1.3302e-01,-1.2771e-01,-1.2290e-01,-1.1874e-01,-1.1531e-01,-1.1263e-01,-1.1067e-01,-1.0936e-01,-1.0858e-01,-1.0814e-01,-1.0782e-01,-1.0734e-01,-1.0641e-01,-1.0471e-01,-1.0201e-01,-9.8129e-02,-9.3008e-02,-8.6709e-02,-7.9412e-02,-7.1393e-02,-6.2986e-02,-5.4537e-02,-4.6357e-02,-3.8686e-02,-3.1676e-02,-2.5401e-02,-1.9876e-02,-1.5088e-02,-1.1020e-02,-7.6611e-03,-5.0038e-03,-3.0405e-03,-1.7514e-03,-1.1021e-03,-1.0423e-03,-1.5085e-03,-2.4293e-03,-3.7288e-03,-5.3276e-03,-7.1406e-03,-9.0735e-03,-1.1018e-02,-1.2849e-02,-1.4420e-02,-1.5566e-02,-1.6106e-02,-1.5851e-02,-1.4616e-02,-1.2231e-02,-8.5587e-03,-3.5124e-03,2.9319e-03,1.0722e-02,1.9723e-02,2.9723e-02,4.0434e-02,5.1513e-02,6.2576e-02,7.3221e-02,8.3049e-02,9.1686e-02,9.8805e-02,1.0414e-01,1.0751e-01,1.0883e-01,1.0811e-01,1.0544e-01,1.0103e-01,9.5127e-02,8.8030e-02,8.0063e-02,7.1548e-02,6.2780e-02,5.4010e-02,4.5425e-02,3.7137e-02,2.9183e-02,2.1522e-02,1.4059e-02,6.6668e-03,-7.8325e-04,-8.3946e-03
-9.0765e-02,-1.0375e-01,-1.1558e-01,-1.2621e-01,-1.3557e-01,-1.4362e-01,-1.5031e-01,-1.5561e-01,-1.5948e-01,-1.6191e-01,-1.6289e-01,-1.6245e-01,-1.6066e-01,-1.5762e-01,-1.5347e-01,-1.4842e-01,-1.4270e-01,-1.3660e-01,-1.3040e-01,-1.2436e-01,-1.1873e-01,-1.1366e-01,-1.0928e-01,-1.0563e-01,-1.0269e-01,-1.0042e-01,-9.8698e-02,-9.7397e-02,-9.6322e-02,-9.5244e-02,-9.3903e-02,-9.2040e-02,-8.9431e-02,-8.5922e-02,-8.1454e-02,-7.6082e-02,-6.9967e-02,-6.3355e-02,-5.6540e-02,-4.9814e-02,-4.3427e-02,-3.7552e-02,-3.2280e-02,-2.7630e-02,-2.3579e-02,-2.0087e-02,-1.7121e-02,-1.4661e-02,-1.2697e-02,-1.1216e-02,-1.0198e-02,-9.6117e-03,-9.4106e-03,-9.5427e-03,-9.9513e-03,-1.0580e-02,-1.1371e-02,-1.2261e-02,-1.3176e-02,-1.4026e-02,-1.4699e-02,-1.5061e-02,-1.4958e-02,-1.4223e-02,-1.2683e-02,-1.0179e-02,-6.5753e-03,-1.7836e-03,4.2252e-03,1.1407e-02,1.9637e-02,2.8709e-02,3.8347e-02,4.8213e-02,5.7934e-02,6.7119e-02,7.5387e-02,8.2387e-02,8.7817e-02,9.1449e-02,9.3137e-02,9.2834e-02,9.0592e-02,8.6556e-02,8.0954e-02,7.4073e-02,6.6240e-02,5.7797e-02,4.9079e-02,4.0395e-02,3.2010e-02,2.4128e-02,1.6881e-02,1.0318e-02,4.4085e-03,-9.5836e-04,-5.9494e-03,-1.0765e-02,-1.5609e-02,-2.0655e-02
-8.5172e-02,-9.8588e-02,-1.1083e-01,-1.2184e-01,-1.3157e-01,-1.3996e-01,-1.4698e-01,-1.5258e-01,-1.5672e-01,-1.5939e-01,-1.6058e-01,-1.6030e-01,-1.5862e-01,-1.5561e-01,-1.5141e-01,-1.4619e-01,-1.4019e-01,-1.3367e-01,-1.2690e-01,-1.2017e-01,-1.1373e-01,-1.0777e-01,-1.0242e-01,-9.7765e-02,-9.3805e-02,-9.0505e-02,-8.7788e-02,-8.5544e-02,-8.3622e-02,-8.1838e-02,-7.9983e-02,-7.7844e-02,-7.5235e-02,-7.2026e-02,-6.8171e-02,-6.3722e-02,-5.8823e-02,-5.3688e-02,-4.8565e-02,-4.3685e-02,-3.9229e-02,-3.5299e-02,-3.1919e-02,-2.9052e-02,-2.6636e-02,-2.4603e-02,-2.2904e-02,-2.1508e-02,-2.0393e-02,-1.9542e-02,-1.8927e-02,-1.8514e-02,-1.8260e-02,-1.8118e-02,-1.8048e-02,-1.8013e-02,-1.7976e-02,-1.7901e-02,-1.7736e-02,-1.7414e-02,-1.6842e-02,-1.5904e-02,-1.4463e-02,-1.2372e-02,-9.4842e-03,-5.6737e-03,-8.5121e-04,5.0164e-03,1.1892e-02,1.9660e-02,2.8122e-02,3.7006e-02,4.5981e-02,5.4678e-02,6.2712e-02,6.9710e-02,7.5334e-02,7.9306e-02,8.1418e-02,8.1557e-02,7.9708e-02,7.5957e-02,7.0489e-02,6.3565e-02,5.5507e-02,4.6672e-02,3.7423e-02,2.8115e-02,1.9074e-02,1.0579e-02,2.8567e-03,-3.9353e-03,-9.7185e-03,-1.4497e-02,-1.8359e-02,-2.1468e-02,-2.4050e-02,-2.6363e-02,-2.8672e-02,-3.1215e-02
-7.8168e-02,-9.2004e-02,-1.0465e-01,-1.1605e-01,-1.2614e-01,-1.3489e-01,-1.4223e-01,-1.4814e-01,-1.5257e-01,-1.5550e-01,-1.5692e-01,-1.5685e-01,-1.5531e-01,-1.5238e-01,-1.4818e-01,-1.4287e-01,-1.3665e-01,-1.2976e-01,-1.2249e-01,-1.1511e-01,-1.0789e-01,-1.0105e-01,-9.4733e-02,-8.9049e-02,-8.4030e-02,-7.9659e-02,-7.5887e-02,-7.2630e-02,-6.9777e-02,-6.7193e-02,-6.4722e-02,-6.2205e-02,-5.9502e-02,-5.6520e-02,-5.3233e-02,-4.9697e-02,-4.6040e-02,-4.2442e-02,-3.9098e-02,-3.6172e-02,-3.3768e-02,-3.1911e-02,-3.0556e-02,-2.9613e-02,-2.8977e-02,-2.8556e-02,-2.8281e-02,-2.8106e-02,-2.7998e-02,-2.7927e-02,-2.7853e-02,-2.7735e-02,-2.7526e-02,-2.7185e-02,-2.6684e-02,-2.6003e-02,-2.5132e-02,-2.4059e-02,-2.2760e-02,-2.1193e-02,-1.9292e-02,-1.6964e-02,-1.4097e-02,-1.0571e-02,-6.2767e-03,-1.1307e-03,4.9018e-03,1.1789e-02,1.9422e-02,2.7611e-02,3.6088e-02,4.4524e-02,5.2548e-02,5.9775e-02,6.5835e-02,7.0396e-02,7.3188e-02,7.4022e-02,7.2805e-02,6.9547e-02,6.4366e-02,5.7475e-02,4.9172e-02,3.9812e-02,2.9782e-02,1.9475e-02,9.2668e-03,-4.9696e-04,-9.5179e-03,-1.7550e-02,-2.4411e-02,-2.9989e-02,-3.4252e-02,-3.7249e-02,-3.9111e-02,-4.0045e-02,-4.0317e-02,-4.0234e-02,-4.0109e-02,-4.0235e-02
-6.9712e-02,-8.3955e-02,-9.6996e-02,-1.0878e-01,-1.1924e-01,-1.2834e-01,-1.3602e-01,-1.4225e-01,-1.4698e-01,-1.5019e-01,-1.5188e-01,-1.5203e-01,-1.5068e-01,-1.4788e-01,-1.4374e-01,-1.3838e-01,-1.3201e-01,-1.2483e-01,-1.1713e-01,-1.0916e-01,-1.0121e-01,-9.3499e-02,-8.6223e-02,-7.9500e-02,-7.3394e-02,-6.7914e-02,-6.3035e-02,-5.8705e-02,-5.4850e-02,-5.1383e-02,-4.8205e-02,-4.5216e-02,-4.2334e-02,-3.9509e-02,-3.6746e-02,-3.4108e-02,-3.1711e-02,-2.9698e-02,-2.8205e-02,-2.7321e-02,-2.7068e-02,-2.7390e-02,-2.8172e-02,-2.9270e-02,-3.0542e-02,-3.1869e-02,-3.3163e-02,-3.4362e-02,-3.5415e-02,-3.6273e-02,-3.6883e-02,-3.7187e-02,-3.7132e-02,-3.6679e-02,-3.5808e-02,-3.4516e-02,-3.2815e-02,-3.0722e-02,-2.8244e-02,-2.5369e-02,-2.2059e-02,-1.8254e-02,-1.3875e-02,-8.8402e-03,-3.0844e-03,3.4205e-03,1.0645e-02,1.8485e-02,2.6756e-02,3.5193e-02,4.3467e-02,5.1200e-02,5.8003e-02,6.3497e-02,6.7349e-02,6.9289e-02,6.9137e-02,6.6812e-02,6.2344e-02,5.5870e-02,4.7633e-02,3.7960e-02,2.7239e-02,1.5893e-02,4.3439e-03,-7.0030e-03,-1.7780e-02,-2.7668e-02,-3.6402e-02,-4.3774e-02,-4.9647e-02,-5.3950e-02,-5.6689e-02,-5.7950e-02,-5.7897e-02,-5.6768e-02,-5.4859e-02,-5.2509e-02,-5.0071e-02,-4.7882e-02
-5.9767e-02,-7.4402e-02,-8.7828e-02,-9.9984e-02,-1.1081e-01,-1.2026e-01,-1.2829e-01,-1.3485e-01,-1.3990e-01,-1.4341e-01,-1.4538e-01,-1.4579e-01,-1.4466e-01,-1.4204e-01,-1.3801e-01,-1.3268e-01,-1.2621e-01,-1.1883e-01,-1.1076e-01,-1.0227e-01,-9.3640e-02,-8.5111e-02,-7.6891e-02,-6.9131e-02,-6.1921e-02,-5.5303e-02,-4.9278e-02,-4.3824e-02,-3.8909e-02,-3.4491e-02,-3.0532e-02,-2.6995e-02,-2.3859e-02,-2.1129e-02,-1.8848e-02,-1.7093e-02,-1.5967e-02,-1.5573e-02,-1.5983e-02,-1.7206e-02,-1.9176e-02,-2.1754e-02,-2.4759e-02,-2.7993e-02,-3.1279e-02,-3.4473e-02,-3.7468e-02,-4.0182e-02,-4.2543e-02,-4.4479e-02,-4.5914e-02,-4.6773e-02,-4.6990e-02,-4.6522e-02,-4.5354e-02,-4.3499e-02,-4.0989e-02,-3.7870e-02,-3.4178e-02,-2.9938e-02,-2.5148e-02,-1.9785e-02,-1.3813e-02,-7.1978e-03,6.8538e-05,7.9490e-03,1.6340e-02,2.5058e-02,3.3841e-02,4.2352e-02,5.0207e-02,5.7002e-02,6.2344e-02,6.5884e-02,6.7349e-02,6.6554e-02,6.3423e-02,5.7996e-02,5.0428e-02,4.0982e-02,3.0011e-02,1.7938e-02,5.2161e-03,-7.6943e-03,-2.0355e-02,-3.2371e-02,-4.3398e-02,-5.3150e-02,-6.1399e-02,-6.7981e-02,-7.2794e-02,-7.5807e-02,-7.7059e-02,-7.6662e-02,-7.4805e-02,-7.1744e-02,-6.7798e-02,-6.3325e-02,-5.8708e-02,-5.4321e-02
-4.8308e-02,-6.3315e-02,-7.7110e-02,-8.9632e-02,-1.0082e-01,-1.1063e-01,-1.1900e-01,-1.2589e-01,-1.3127e-01,-1.3511e-01,-1.3738e-01,-1.3807e-01,-1.3720e-01,-1.3480e-01,-1.3093e-01,-1.2568e-01,-1.1920e-01,-1.1168e-01,-1.0332e-01,-9.4394e-02,-8.5154e-02,-7.5858e-02,-6.6731e-02,-5.7949e-02,-4.9635e-02,-4.1861e-02,-3.4662e-02,-2.8050e-02,-2.2031e-02,-1.6615e-02,-1.1820e-02,-7.6766e-03,-4.2313e-03,-1.5500e-03,2.8309e-04,1.1718e-03,1.0250e-03,-2.1825e-04,-2.5602e-03,-5.9262e-03,-1.0160e-02,-1.5043e-02,-2.0325e-02,-2.5763e-02,-3.1147e-02,-3.6309e-02,-4.1120e-02,-4.5477e-02,-4.9283e-02,-5.2438e-02,-5.4840e-02,-5.6387e-02,-5.7000e-02,-5.6624e-02,-5.5246e-02,-5.2888e-02,-4.9605e-02,-4.5466e-02,-4.0542e-02,-3.4893e-02,-2.8560e-02,-2.1566e-02,-1.3925e-02,-5.6646e-03,3.1566e-03,1.2424e-02,2.1951e-02,3.1468e-02,4.0634e-02,4.9047e-02,5.6284e-02,6.1925e-02,6.5601e-02,6.7015e-02,6.5973e-02,6.2394e-02,5.6320e-02,4.7914e-02,3.7455e-02,2.5321e-02,1.1962e-02,-2.1310e-03,-1.6461e-02,-3.0552e-02,-4.3973e-02,-5.6351e-02,-6.7375e-02,-7.6796e-02,-8.4425e-02,-9.0135e-02,-9.3864e-02,-9.5608e-02,-9.5435e-02,-9.3478e-02,-8.9941e-02,-8.5094e-02,-7.9262e-02,-7.2821e-02,-6.6169e-02,-5.9707e-02
-3.5316e-02,-5.0671e-02,-6.4817e-02,-7.7690e-02,-8.9232e-02,-9.9385e-02,-1.0810e-01,-1.1534e-01,-1.2106e-01,-1.2523e-01,-1.2782e-01,-1.2883e-01,-1.2825e-01,-1.2610e-01,-1.2244e-01,-1.1733e-01,-1.1091e-01,-1.0332e-01,-9.4763e-02,-8.5474e-02,-7.5705e-02,-6.5711e-02,-5.5729e-02,-4.5960e-02,-3.6557e-02,-2.7628e-02,-1.9243e-02,-1.1454e-02,-4.3084e-03,2.1334e-03,7.7946e-03,1.2577e-02,1.6364e-02,1.9028e-02,2.0436e-02,2.0474e-02,1.9062e-02,1.6183e-02,1.1907e-02,6.3947e-03,-1.0905e-04,-7.3074e-03,-1.4891e-02,-2.2573e-02,-3.0113e-02,-3.7321e-02,-4.4047e-02,-5.0162e-02,-5.5538e-02,-6.0046e-02,-6.3549e-02,-6.5920e-02,-6.7053e-02,-6.6883e-02,-6.5392e-02,-6.2607e-02,-5.8600e-02,-5.3464e-02,-4.7304e-02,-4.0217e-02,-3.2291e-02,-2.3601e-02,-1.4226e-02,-4.2607e-03,6.1539e-03,1.6815e-02,2.7443e-02,3.7678e-02,4.7101e-02,5.5256e-02,6.1689e-02,6.5993e-02,6.7837e-02,6.7003e-02,6.3392e-02,5.7041e-02,4.8116e-02,3.6905e-02,2.3805e-02,9.2906e-03,-6.1106e-03,-2.1860e-02,-3.7440e-02,-5.2379e-02,-6.6267e-02,-7.8762e-02,-8.9589e-02,-9.8539e-02,-1.0546e-01,-1.1026e-01,-1.1291e-01,-1.1343e-01,-1.1192e-01,-1.0851e-01,-1.0342e-01,-9.6937e-02,-8.9377e-02,-8.1124e-02,-7.2586e-02,-6.4182e-02
-2.0782e-02,-3.6457e-02,-5.0931e-02,-6.4138e-02,-7.6017e-02,-8.6513e-02,-9.5575e-02,-1.0316e-01,-1.0922e-01,-1.1373e-01,-1.1667e-01,-1.1800e-01,-1.1774e-01,-1.1589e-01,-1.1248e-01,-1.0757e-01,-1.0126e-01,-9.3683e-02,-8.5010e-02,-7.5450e-02,-6.5241e-02,-5.4632e-02,-4.3866e-02,-3.3164e-02,-2.2708e-02,-1.2645e-02,-3.0837e-03,5.8801e-03,1.4152e-02,2.1622e-02,2.8152e-02,3.3577e-02,3.7713e-02,4.0367e-02,4.1363e-02,4.0565e-02,3.7906e-02,3.3416e-02,2.7236e-02,1.9611e-02,1.0870e-02,1.3812e-03,-8.4928e-03,-1.8428e-02,-2.8157e-02,-3.7468e-02,-4.6187e-02,-5.4156e-02,-6.1216e-02,-6.7199e-02,-7.1932e-02,-7.5256e-02,-7.7037e-02,-7.7190e-02,-7.5690e-02,-7.2566e-02,-6.7899e-02,-6.1806e-02,-5.4421e-02,-4.5883e-02,-3.6328e-02,-2.5893e-02,-1.4726e-02,-3.0057e-03,9.0345e-03,2.1091e-02,3.2783e-02,4.3658e-02,5.3219e-02,6.0967e-02,6.6437e-02,6.9250e-02,6.9141e-02,6.5984e-02,5.9796e-02,5.0738e-02,3.9102e-02,2.5298e-02,9.8251e-03,-6.7561e-03,-2.3866e-02,-4.0939e-02,-5.7455e-02,-7.2961e-02,-8.7077e-02,-9.9497e-02,-1.0999e-01,-1.1837e-01,-1.2454e-01,-1.2842e-01,-1.3002e-01,-1.2938e-01,-1.2661e-01,-1.2187e-01,-1.1537e-01,-1.0739e-01,-9.8262e-02,-8.8353e-02,-7.8078e-02,-6.7869e-02
-4.7088e-03,-2.0671e-02,-3.5445e-02,-4.8964e-02,-6.1164e-02,-7.1989e-02,-8.1388e-02,-8.9313e-02,-9.5725e-02,-1.0059e-01,-1.0387e-01,-1.0556e-01,-1.0564e-01,-1.0411e-01,-1.0099e-01,-9.6326e-02,-9.0196e-02,-8.2704e-02,-7.3996e-02,-6.4258e-02,-5.3706e-02,-4.2578e-02,-3.1117e-02,-1.9558e-02,-8.1124e-03,3.0390e-03,1.3740e-02,2.3851e-02,3.3224e-02,4.1695e-02,4.9066e-02,5.5108e-02,5.9571e-02,6.2202e-02,6.2785e-02,6.1165e-02,5.7291e-02,5.1241e-02,4.3222e-02,3.3560e-02,2.2656e-02,1.0942e-02,-1.1764e-03,-1.3342e-02,-2.5266e-02,-3.6713e-02,-4.7484e-02,-5.7387e-02,-6.6227e-02,-7.3795e-02,-7.9878e-02,-8.4278e-02,-8.6831e-02,-8.7429e-02,-8.6031e-02,-8.2664e-02,-7.7416e-02,-7.0420e-02,-6.1841e-02,-5.1855e-02,-4.0653e-02,-2.8437e-02,-1.5434e-02,-1.9182e-03,1.1773e-02,2.5223e-02,3.7941e-02,4.9380e-02,5.8972e-02,6.6183e-02,7.0555e-02,7.1760e-02,6.9618e-02,6.4112e-02,5.5386e-02,4.3728e-02,2.9556e-02,1.3392e-02,-4.1743e-03,-2.2520e-02,-4.1028e-02,-5.9127e-02,-7.6310e-02,-9.2151e-02,-1.0631e-01,-1.1851e-01,-1.2856e-01,-1.3633e-01,-1.4172e-01,-1.4470e-01,-1.4530e-01,-1.4358e-01,-1.3965e-01,-1.3369e-01,-1.2591e-01,-1.1658e-01,-1.0603e-01,-9.4613e-02,-8.2752e-02,-7.0874e-02
1.2887e-02,-3.3248e-03,-1.8366e-02,-3.2169e-02,-4.4668e-02,-5.5806e-02,-6.5529e-02,-7.3790e-02,-8.0547e-02,-8.5763e-02,-8.9408e-02,-9.1456e-02,-9.1892e-02,-9.0710e-02,-8.7920e-02,-8.3549e-02,-7.7653e-02,-7.0316e-02,-6.1658e-02,-5.1837e-02,-4.1045e-02,-2.9506e-02,-1.7457e-02,-5.1423e-03,7.2047e-03,1.9366e-02,3.1142e-02,4.2339e-02,5.2756e-02,6.2169e-02,7.0322e-02,7.6923e-02,8.1663e-02,8.4238e-02,8.4394e-02,8.1970e-02,7.6931e-02,6.9400e-02,5.9647e-02,4.8064e-02,3.5116e-02,2.1281e-02,7.0020e-03,-7.3419e-03,-2.1439e-02,-3.5032e-02,-4.7891e-02,-5.9790e-02,-7.0490e-02,-7.9739e-02,-8.7280e-02,-9.2872e-02,-9.6316e-02,-9.7478e-02,-9.6297e-02,-9.2792e-02,-8.7053e-02,-7.9225e-02,-6.9498e-02,-5.8088e-02,-4.5238e-02,-3.1222e-02,-1.6355e-02,-1.0147e-03,1.4343e-02,2.9181e-02,4.2889e-02,5.4824e-02,6.4352e-02,7.0916e-02,7.4087e-02,7.3603e-02,6.9388e-02,6.1548e-02,5.0360e-02,3.6243e-02,1.9735e-02,1.4553e-03,-1.7931e-02,-3.7754e-02,-5.7382e-02,-7.6249e-02,-9.3875e-02,-1.0987e-01,-1.2392e-01,-1.3581e-01,-1.4536e-01,-1.5247e-01,-1.5709e-01,-1.5920e-01,-1.5886e-01,-1.5612e-01,-1.5114e-01,-1.4407e-01,-1.3513e-01,-1.2459e-01,-1.1276e-01,-9.9998e-02,-8.6696e-02,-7.3287e-02
3.1977e-02,1.5557e-02,2.8514e-04,-1.3769e-02,-2.6539e-02,-3.7968e-02,-4.7998e-02,-5.6583e-02,-6.3678e-02,-6.9246e-02,-7.3252e-02,-7.5670e-02,-7.6479e-02,-7.5667e-02,-7.3233e-02,-6.9193e-02,-6.3583e-02,-5.6466e-02,-4.7938e-02,-3.8129e-02,-2.7208e-02,-1.5377e-02,-2.8650e-03,1.0082e-02,2.3211e-02,3.6272e-02,4.9020e-02,6.1207e-02,7.2574e-02,8.2838e-02,9.1680e-02,9.8752e-02,1.0369e-01,1.0616e-01,1.0587e-01,1.0266e-01,9.6529e-02,8.7627e-02,7.6282e-02,6.2940e-02,4.8109e-02,3.2300e-02,1.5977e-02,-4.6079e-04,-1.6683e-02,-3.2408e-02,-4.7371e-02,-6.1307e-02,-7.3932e-02,-8.4943e-02,-9.4035e-02,-1.0092e-01,-1.0537e-01,-1.0722e-01,-1.0637e-01,-1.0284e-01,-9.6705e-02,-8.8130e-02,-7.7318e-02,-6.4526e-02,-5.0048e-02,-3.4232e-02,-1.7489e-02,-3.0911e-04,1.6723e-02,3.2938e-02,4.7602e-02,5.9972e-02,6.9357e-02,7.5190e-02,7.7085e-02,7.4865e-02,6.8574e-02,5.8452e-02,4.4912e-02,2.8501e-02,9.8665e-03,-1.0284e-02,-3.1227e-02,-5.2266e-02,-7.2768e-02,-9.2187e-02,-1.1007e-01,-1.2607e-01,-1.3992e-01,-1.5141e-01,-1.6043e-01,-1.6688e-01,-1.7075e-01,-1.7204e-01,-1.7081e-01,-1.6715e-01,-1.6120e-01,-1.5313e-01,-1.4316e-01,-1.3154e-01,-1.1857e-01,-1.0459e-01,-8.9985e-02,-7.5182e-02
5.2518e-02,3.5936e-02,2.0475e-02,6.2060e-03,-6.8039e-03,-1.8495e-02,-2.8810e-02,-3.7701e-02,-4.5122e-02,-5.1033e-02,-5.5398e-02,-5.8189e-02,-5.9380e-02,-5.8953e-02,-5.6900e-02,-5.3224e-02,-4.7947e-02,-4.1112e-02,-3.2792e-02,-2.3092e-02,-1.2155e-02,-1.6200e-04,1.2672e-02,2.6103e-02,3.9865e-02,5.3680e-02,6.7259e-02,8.0300e-02,9.2486e-02,1.0347e-01,1.1288e-01,1.2030e-01,1.2535e-01,1.2764e-01,1.2688e-01,1.2293e-01,1.1579e-01,1.0566e-01,9.2906e-02,7.8006e-02,6.1492e-02,4.3891e-02,2.5677e-02,7.2595e-03,-1.1014e-02,-2.8831e-02,-4.5894e-02,-6.1891e-02,-7.6485e-02,-8.9323e-02,-1.0005e-01,-1.0833e-01,-1.1389e-01,-1.1652e-01,-1.1612e-01,-1.1268e-01,-1.0626e-01,-9.7035e-02,-8.5220e-02,-7.1104e-02,-5.5038e-02,-3.7443e-02,-1.8830e-02,1.8817e-04,1.8892e-02,3.6469e-02,5.2056e-02,6.4812e-02,7.3991e-02,7.9032e-02,7.9605e-02,7.5638e-02,6.7301e-02,5.4979e-02,3.9219e-02,2.0693e-02,1.4851e-04,-2.1635e-02,-4.3892e-02,-6.5914e-02,-8.7078e-02,-1.0687e-01,-1.2487e-01,-1.4076e-01,-1.5433e-01,-1.6539e-01,-1.7385e-01,-1.7966e-01,-1.8280e-01,-1.8331e-01,-1.8126e-01,-1.7676e-01,-1.6994e-01,-1.6097e-01,-1.5008e-01,-1.3750e-01,-1.2351e-01,-1.0845e-01,-9.2685e-02,-7.6619e-02
7.4454e-02,5.7758e-02,4.2153e-02,2.7710e-02,1.4497e-02,2.5751e-03,-7.9985e-03,-1.7172e-02,-2.4901e-02,-3.1142e-02,-3.5859e-02,-3.9020e-02,-4.0596e-02,-4.0565e-02,-3.8912e-02,-3.5631e-02,-3.0728e-02,-2.4234e-02,-1.6197e-02,-6.7015e-03,4.1347e-03,1.6153e-02,2.9153e-02,4.2898e-02,5.7115e-02,7.1501e-02,8.5729e-02,9.9448e-02,1.1228e-01,1.2382e-01,1.3363e-01,1.4127e-01,1.4630e-01,1.4835e-01,1.4711e-01,1.4246e-01,1.3443e-01,1.2325e-01,1.0930e-01,9.3083e-02,7.5125e-02,5.5948e-02,3.6026e-02,1.5770e-02,-4.4536e-03,-2.4305e-02,-4.3441e-02,-6.1501e-02,-7.8093e-02,-9.2807e-02,-1.0523e-01,-1.1499e-01,-1.2175e-01,-1.2528e-01,-1.2544e-01,-1.2219e-01,-1.1561e-01,-1.0583e-01,-9.3110e-02,-7.7751e-02,-6.0156e-02,-4.0825e-02,-2.0369e-02,4.7139e-04,2.0831e-02,3.9750e-02,5.6231e-02,6.9332e-02,7.8263e-02,8.2475e-02,8.1710e-02,7.6011e-02,6.5689e-02,5.1270e-02,3.3441e-02,1.2987e-02,-9.2552e-03,-3.2447e-02,-5.5797e-02,-7.8595e-02,-1.0024e-01,-1.2025e-01,-1.3826e-01,-1.5397e-01,-1.6720e-01,-1.7781e-01,-1.8572e-01,-1.9089e-01,-1.9335e-01,-1.9314e-01,-1.9034e-01,-1.8506e-01,-1.7746e-01,-1.6770e-01,-1.5598e-01,-1.4255e-01,-1.2767e-01,-1.1165e-01,-9.4847e-02,-7.7647e-02
9.7714e-02,8.0954e-02,6.5251e-02,5.0679e-02,3.7303e-02,2.5186e-02,1.4387e-02,4.9566e-03,-3.0570e-03,-9.6107e-03,-1.4666e-02,-1.8190e-02,-2.0151e-02,-2.0522e-02,-1.9283e-02,-1.6421e-02,-1.1933e-02,-5.8319e-03,1.8480e-03,1.1044e-02,2.1660e-02,3.3558e-02,4.6557e-02,6.0426e-02,7.4891e-02,8.9632e-02,1.0429e-01,1.1847e-01,1.3173e-01,1.4362e-01,1.5365e-01,1.6135e-01,1.6625e-01,1.6797e-01,1.6625e-01,1.6096e-01,1.5218e-01,1.4016e-01,1.2527e-01,1.0800e-01,8.8870e-02,6.8364e-02,4.6942e-02,2.5016e-02,2.9652e-03,-1.8836e-02,-3.9999e-02,-6.0107e-02,-7.8708e-02,-9.5330e-02,-1.0951e-01,-1.2080e-01,-1.2885e-01,-1.3337e-01,-1.3420e-01,-1.3127e-01,-1.2463e-01,-1.1442e-01,-1.0089e-01,-8.4386e-02,-6.5342e-02,-4.4337e-02,-2.2087e-02,5.3980e-04,2.2528e-02,4.2761e-02,6.0108e-02,7.3525e-02,8.2181e-02,8.5551e-02,8.3458e-02,7.6071e-02,6.3846e-02,4.7456e-02,2.7716e-02,5.5217e-03,-1.8213e-02,-4.2606e-02,-6.6850e-02,-9.0248e-02,-1.1223e-01,-1.3235e-01,-1.5027e-01,-1.6574e-01,-1.7860e-01,-1.8875e-01,-1.9611e-01,-2.0069e-01,-2.0250e-01,-2.0162e-01,-1.9813e-01,-1.9216e-01,-1.8386e-01,-1.7338e-01,-1.6095e-01,-1.4677e-01,-1.3110e-01,-1.1424e-01,-9.6516e-02,-7.8303e-02
1.2221e-01,1.0544e-01,8.9688e-02,7.5031e-02,6.1535e-02,4.9263e-02,3.8273e-02,2.8618e-02,2.0346e-02,1.3501e-02,8.1232e-03,4.2476e-03,1.9076e-03,1.1320e-03,1.9452e-03,4.3666e-03,8.4062e-03,1.4062e-02,2.1314e-02,3.0115e-02,4.0390e-02,5.2019e-02,6.4836e-02,7.8624e-02,9.3109e-02,1.0796e-01,1.2279e-01,1.3716e-01,1.5061e-01,1.6262e-01,1.7266e-01,1.8024e-01,1.8489e-01,1.8623e-01,1.8403e-01,1.7821e-01,1.6885e-01,1.5620e-01,1.4065e-01,1.2262e-01,1.0260e-01,8.1031e-02,5.8343e-02,3.4936e-02,1.1205e-02,-1.2442e-02,-3.5566e-02,-5.7687e-02,-7.8289e-02,-9.6836e-02,-1.1280e-01,-1.2569e-01,-1.3510e-01,-1.4070e-01,-1.4229e-01,-1.3979e-01,-1.3321e-01,-1.2269e-01,-1.0847e-01,-9.0924e-02,-7.0530e-02,-4.7937e-02,-2.3960e-02,3.9825e-04,2.3971e-02,4.5487e-02,6.3672e-02,7.7385e-02,8.5758e-02,8.8293e-02,8.4908e-02,7.5899e-02,6.1872e-02,4.3645e-02,2.2159e-02,-1.5915e-03,-2.6626e-02,-5.2030e-02,-7.6993e-02,-1.0084e-01,-1.2304e-01,-1.4317e-01,-1.6094e-01,-1.7613e-01,-1.8861e-01,-1.9829e-01,-2.0513e-01,-2.0914e-01,-2.1036e-01,-2.0886e-01,-2.0475e-01,-1.9815e-01,-1.8922e-01,-1.7812e-01,-1.6505e-01,-1.5021e-01,-1.3386e-01,-1.1626e-01,-9.7729e-02,-7.8618e-02
1.4785e-01,1.3112e-01,1.1536e-01,1.0067e-01,8.7097e-02,7.4710e-02,6.3567e-02,5.3720e-02,4.5219e-02,3.8109e-02,3.2429e-02,2.8216e-02,2.5505e-02,2.4325e-02,2.4705e-02,2.6666e-02,3.0224e-02,3.5385e-02,4.2138e-02,5.0451e-02,6.0262e-02,7.1468e-02,8.3918e-02,9.7406e-02,1.1166e-01,1.2635e-01,1.4107e-01,1.5535e-01,1.6870e-01,1.8056e-01,1.9040e-01,1.9768e-01,2.0196e-01,2.0288e-01,2.0025e-01,1.9400e-01,1.8424e-01,1.7123e-01,1.5529e-01,1.3681e-01,1.1620e-01,9.3850e-02,7.0144e-02,4.5466e-02,2.0221e-02,-5.1473e-03,-3.0145e-02,-5.4227e-02,-7.6806e-02,-9.7278e-02,-1.1505e-01,-1.2958e-01,-1.4041e-01,-1.4717e-01,-1.4961e-01,-1.4764e-01,-1.4123e-01,-1.3052e-01,-1.1574e-01,-9.7276e-02,-7.5649e-02,-5.1570e-02,-2.5958e-02,5.7496e-05,2.5158e-02,4.7914e-02,6.6910e-02,8.0908e-02,8.9003e-02,9.0734e-02,8.6110e-02,7.5565e-02,5.9852e-02,3.9930e-02,1.6863e-02,-8.2664e-03,-3.4422e-02,-6.0665e-02,-8.6197e-02,-1.1037e-01,-1.3267e-01,-1.5275e-01,-1.7033e-01,-1.8522e-01,-1.9731e-01,-2.0654e-01,-2.1287e-01,-2.1635e-01,-2.1701e-01,-2.1495e-01,-2.1027e-01,-2.0311e-01,-1.9363e-01,-1.8198e-01,-1.6835e-01,-1.5295e-01,-1.3600e-01,-1.1776e-01,-9.8518e-02,-7.8616e-02
